12340 23670 36780 10000000 10000000 10000000
45670 56910 69120 15000000 40000000 10000000
89120 91450 18375 15000000 30000000 10000000
72335 23420 32430 10000000 10000000 10000000
12340 23670 36780 2000000 1000000 150000000
45670 56910 69120 20000000 4000000 100000000
89120 91450 18375 15000000 3000000 100000000
72335 23420 32430 1000000 75000000 100000000
12340 23670 36780 0 1000000 150000000
45670 56910 69120 20000000 0 100000000
89120 91450 18375 15000000 3000000 0
72335 23420 32430 100000 75000000 100000000
0 0 0
