1 10
5 0 0
23 54
45 65
65 96
48 32 
74 92 
47 85
94 12
25 74
38 54
47 78

1 10
15 0 0
23 54
45 65
65 96
48 32 
74 92 
47 85
94 12
25 74
38 54
47 78

1 10
25 0 0
23 54
45 65
65 96
48 32 
74 92 
47 85
94 12
25 74
38 54
47 78

1 10
35 0 0
23 54
45 65
65 96
48 32 
74 92 
47 85
94 12
25 74
38 54
47 78

1 10
45 0 0
23 54
45 65
65 96
48 32 
74 92 
47 85
94 12
25 74
38 54
47 78

1 10
55 0 0
23 54
45 65
65 96
48 32 
74 92 
47 85
94 12
25 74
38 54
47 78

1 10
65 0 0
23 54
45 65
65 96
48 32 
74 92 
47 85
94 12
25 74
38 54
47 78

1 10
75 0 0
23 54
45 65
65 96
48 32 
74 92 
47 85
94 12
25 74
38 54
47 78

1 10
85 0 0
23 54
45 65
65 96
48 32 
74 92 
47 85
94 12
25 74
38 54
47 78

0 0
