1
2

1
0

2
2 0
0 2

2 
0 2
2 0

2 
2 2
2 0

2 
2 2
2 2

3
2 0 0
0 2 0
0 0 2

3
2 0 2
0 2 0
0 0 2

3
2 0 2
2 2 0
0 0 2

3
0 0 2
0 2 0
2 0 0

4
0 0 0 2
0 0 2 0
0 2 0 0
2 0 0 0

4
2 0 0 0
0 2 0 0
0 0 2 0
0 0 0 2

5
0 0 0 0 2
0 0 0 2 0
0 0 2 0 0
0 2 0 0 0
2 0 0 0 0

5
2 0 0 0 0
0 2 0 0 0
0 0 2 0 0
0 0 0 2 0
0 0 0 0 2

6
0 0 0 0 0 2
0 0 0 0 2 0
0 0 0 2 0 0
0 0 2 0 0 0
0 2 0 0 0 0
2 0 0 0 0 0

6
2 0 0 0 0 0
0 2 0 0 0 0
0 0 2 0 0 0
0 0 0 2 0 0
0 0 0 0 2 0
0 0 0 0 0 2

7
0 0 0 0 0 0 2
0 0 0 0 0 2 0
0 0 0 0 2 0 0
0 0 0 2 0 0 0
0 0 2 0 0 0 0
0 2 0 0 0 0 0
2 0 0 0 0 0 0

7
2 0 0 0 0 0 0
0 2 0 0 0 0 0
0 0 2 0 0 0 0
0 0 0 2 0 0 0
0 0 0 0 2 0 0
0 0 0 0 0 2 0
0 0 0 0 0 0 2

8
0 0 0 0 0 0 0 2
2 2 2 0 0 0 2 0
0 0 0 0 0 2 0 0
0 0 0 0 2 0 0 0
0 2 0 2 0 0 0 0
0 2 2 2 0 2 0 0
2 2 0 0 0 0 0 0
2 0 0 0 0 0 0 0

8
2 0 2 0 2 0 0 0
2 2 0 0 0 0 0 0
0 0 2 0 0 0 0 0
0 0 0 2 2 0 0 0
0 0 0 0 2 0 0 0
0 0 2 0 0 2 2 0
0 0 2 0 0 0 0 0
2 0 0 0 0 0 0 2

9
0 0 2 0 0 0 0 0 2
2 2 2 2 0 0 0 2 0
0 0 2 0 0 0 2 0 0
0 0 2 0 0 2 0 0 0
0 2 2 0 2 0 0 0 0
0 2 2 2 2 0 2 0 0
2 2 2 0 0 0 0 0 0
2 0 2 0 0 0 0 0 0
2 2 2 0 2 2 2 0 2

9
2 0 2 0 2 0 0 0 2
2 2 0 0 0 0 0 0 2
0 0 2 0 0 0 0 0 0
0 0 0 2 2 0 0 0 0
0 0 0 0 2 0 0 0 2
0 0 2 0 0 2 2 0 0
0 0 2 0 0 0 0 0 0
2 0 0 0 0 0 0 2 0
2 2 2 2 0 0 0 2 2

10 
0 0 0 0 0 0 0 0 0 0
0 0 0 0 0 0 0 0 0 0
0 0 0 0 0 0 0 0 0 0
0 0 0 0 0 0 0 0 0 0
0 0 0 0 0 0 0 0 0 0
0 0 0 0 0 0 0 0 0 0
0 0 0 0 0 0 0 0 0 0
0 0 0 0 0 0 0 0 0 0
0 0 0 0 0 0 0 0 0 0
0 0 0 0 0 0 0 0 0 0

10 
2 0 0 0 0 0 0 0 0 0
0 2 0 0 0 0 0 0 0 0
0 0 2 0 0 0 0 0 0 0
0 0 0 2 0 0 0 0 0 0
0 0 0 0 2 0 0 0 0 0
0 0 0 0 0 2 0 0 0 0
0 0 0 0 0 0 2 0 0 0
0 0 0 0 0 0 0 2 0 0
0 0 0 0 0 0 0 0 2 0
0 0 0 0 0 0 0 0 0 2

10 
2 0 0 0 0 0 0 0 0 0
0 2 0 2 0 0 2 0 2 2
2 0 2 0 0 0 0 0 0 0
0 0 0 2 0 0 0 2 0 2
2 2 2 0 2 0 0 0 0 0
0 2 0 0 0 2 0 0 2 0
0 0 0 2 0 0 2 0 2 0
0 0 2 0 0 2 0 2 0 2
0 2 0 0 2 0 0 0 2 0
0 0 0 0 2 0 2 0 0 2

0
