15 15 10

132156489048504
654891561161231
684044804643211
094564564386322
049055795090255
404598250522506
065402902639594
589090295409024
057925564280262
007529222226422
872951358902328
026251625625248
283092020560258
097259295105517
000000258048849

100
200
232
234
854
957
746
15
97
48

15 15 10

132156489048504
654891561161231
684044804643211
094564564386322
049055795090255
404598250522506
065402902639594
589090295409024
057925564280262
007529222226422
872951358902328
026251625625248
283092020560258
097259295105517
000000258048849

000
421
556
261
853
818
094
928
861
002

15 15 10

132156489048504
654891561161231
684044804643211
094564564386322
049055795090255
404598250522506
065402902639594
589090295409024
057925564280262
007529222226422
872951358902328
026251625625248
283092020560258
097259295105517
000000258048849

319
654
852
741
963
258
159
357
842
931

15 15 10

132156489048504
654891561161231
684044804643211
094564564386322
049055795090255
404598250522506
065402902639594
589090295409024
057925564280262
007529222226422
872951358902328
026251625625248
283092020560258
097259295105517
000000258048849

0019
6004
8002
0000
0003
2008
0009
0007
0400
0001

0 0 0
