8 8 3 5
1 2 3 4 5 6 8 9
4 3 2 1 4 7 5 1
1 4 3 2 4 3 2 4
3 2 1 4 8 4 5 3
5 6 8 9 1 2 3 4
4 7 5 1 4 3 2 1
4 3 2 4 1 4 3 2
8 4 5 3 3 2 1 4

9 4 3 2
8 9 5 4
7 5 8 1
4 6 8 0
1 2 8 0
9 9 9 9
8 8 8 7
6 2 8 7
7 3 0 2
0 0 0 0

16 5 2 3
21 53 54 87 63
65 48 58 74 45
12 25 36 47 63
74 10 25 69 24
56 62 85 74 14 
97 45 59 01 00
36 59 84 26 14
54 65 89 14 23
39 28 17 54 78
11 22 33 66 55
44 77 88 99 88
15 26 34 48 59
10 20 30 40 50
00 00 00 00 65
48 89 98 25 84
01 02 03 05 08

10 10 1 3
312 324 435 345 123 456 234 567 324  -1
654 325 975 100 264 474 655 054  -1 845
545 464 545 645 454 564 564  -1 645 456
134 267 965 456 165 454  -1 456 131 564
369 465 919 718 868  -1 169 778 971 616
302 340 201 432  -1 402 324 564 243 542
202 310 264  -1 564 056 450 646 056 450
043 340  -1 054 601 546 015 601 130 233
460  -1 576 267 586 065 800 080 123 423
 -1 725 670 252 869 876 549 870 144 423

0 0 0 0
