20
38.22 -61.06 115.63 -100.07
73.23 -70.07 131.59 -113.59
58.20 -39.04 85.78 -102.70
98.35 -5.20 133.73 -77.23
-41.31 -95.14 35.96 -120.11
-92.44 52.01 -83.88 -7.37
0.54 -53.77 4.42 -137.63
-18.21 -86.58 80.90 -175.58
6.41 47.90 10.55 18.16
40.78 -12.95 42.27 -14.50
-12.53 -75.95 79.52 -103.64
-64.88 -89.48 -37.13 -139.44
40.54 75.68 133.47 68.31
20.31 -7.77 108.66 -60.58
-67.11 90.64 -55.81 2.57
59.41 7.65 114.89 -42.74
-4.10 -51.20 12.03 -56.79
-79.35 -51.72 -38.62 -105.34
34.32 75.85 51.67 45.08
-62.83 -72.76 -42.67 -136.80

0
