20
85.32 -78.32 122.94 -108.13
-39.04 10.82 18.44 -15.31
-52.04 45.25 -19.11 -37.15
15.22 -72.02 72.28 -105.58
-89.84 16.40 -87.33 -28.68
-97.71 -0.89 -11.56 -60.82
-32.87 57.57 45.61 17.92
-12.51 32.92 83.15 8.30
-24.09 78.47 38.12 12.00
-25.07 -65.67 34.64 -119.88
82.05 40.17 104.47 -11.39
-0.42 -62.17 19.63 -99.77
16.75 -9.48 105.84 -45.00
1.31 48.69 68.14 -30.59
81.64 -35.73 103.11 -134.32
27.55 39.25 29.49 -16.23
42.49 88.15 135.66 0.67
-69.09 -2.11 -52.44 -65.18
38.42 34.73 107.24 0.75
-71.09 34.61 -54.40 -4.90

30
-20.14 28.27 22.84 -4.41
75.44 -90.23 120.12 -113.73
-43.65 -78.29 30.60 -154.00
56.80 71.85 139.26 50.86
-95.63 35.88 -19.94 9.63
70.10 64.69 133.97 26.28
-4.37 80.60 11.20 31.31
67.70 96.79 160.13 50.37
98.10 -38.56 140.12 -46.33
-41.52 -47.67 -3.81 -88.73
34.64 17.35 104.35 -58.64
45.48 -32.02 124.72 -108.56
18.39 30.83 75.13 13.27
48.86 99.45 126.15 45.35
-20.73 6.07 35.83 -19.06
-85.64 -41.56 -9.21 -106.25
-87.24 19.90 -36.86 -1.31
39.51 -86.96 128.87 -186.81
79.69 16.07 133.45 -58.94
-36.57 -86.12 29.58 -150.82
65.15 35.76 108.07 -63.34
-39.36 33.40 -12.06 -16.33
-35.21 55.28 30.47 3.98
-44.54 -13.13 -16.98 -57.07
-91.47 -63.38 -6.32 -145.66
-69.35 -58.14 -47.39 -59.05
-45.63 -12.79 9.19 -50.08
-57.48 -83.46 -31.87 -85.09
89.27 72.50 127.62 30.75
-25.62 17.38 68.68 -75.44

40
59.35 -71.78 128.10 -146.65
-38.73 73.42 -34.43 55.19
18.18 78.53 106.24 16.18
1.02 86.85 77.78 85.12
-70.00 -17.49 -49.15 -18.17
30.36 -61.31 104.56 -147.02
93.52 -96.85 106.16 -155.12
89.24 -36.64 184.71 -112.51
62.54 -78.52 70.61 -164.82
-77.24 -62.30 -68.76 -156.99
31.15 -96.94 83.38 -108.49
77.29 -82.75 167.33 -182.22
24.06 64.76 97.92 -12.01
35.58 -2.92 122.54 -81.35
-13.17 87.02 35.79 46.61
-94.22 74.15 -21.24 -23.98
-93.96 69.83 -44.40 23.23
-69.96 44.98 -17.21 5.75
6.03 40.55 60.04 11.60
10.53 -15.12 66.31 -38.96
66.71 -12.75 98.95 -30.02
-35.64 -75.89 35.03 -83.50
-13.79 -86.53 8.42 -161.31
-86.44 61.43 6.98 -20.74
72.11 -11.42 154.65 -16.95
92.09 36.92 94.19 27.28
-13.08 -97.56 26.89 -133.98
9.46 23.80 33.95 -66.02
-3.65 23.99 46.74 -72.48
-51.48 92.65 -15.67 49.83
-27.36 -89.59 29.83 -176.56
-4.90 -47.94 3.74 -123.15
91.03 -83.36 153.01 -144.07
-1.96 -24.41 36.93 -110.34
-76.23 -84.87 -57.38 -90.59
40.19 -11.74 128.66 -71.85
83.97 50.75 110.11 -8.88
-35.16 4.21 -17.63 -88.90
-99.24 28.63 -82.30 -35.73
46.31 -17.33 74.14 -102.51

50
17.51 60.50 60.88 52.61
19.76 -99.30 21.76 -147.15
96.55 79.79 105.18 -9.59
-7.72 28.91 -4.41 -38.39
-13.53 -23.20 12.10 -110.67
45.96 40.31 141.20 -36.60
-37.44 1.97 33.64 -5.43
13.23 82.51 64.30 80.92
-14.11 -61.16 46.11 -93.29
-44.10 0.21 5.53 -49.63
-56.66 -42.19 32.13 -47.12
-88.73 -92.66 7.09 -138.61
-71.16 27.56 4.68 0.89
82.57 77.25 143.77 62.87
4.94 -16.86 99.21 -76.23
45.29 44.62 59.31 -6.54
-55.70 28.05 38.38 -61.96
-82.71 94.19 13.29 51.09
-7.61 -17.90 -0.17 -40.61
-2.44 -51.16 5.74 -75.41
-84.66 -22.11 -10.06 -58.39
-82.95 64.04 4.87 -27.77
-98.84 -44.54 -54.07 -109.26
64.87 85.26 159.01 47.07
67.78 8.45 154.89 -24.49
-46.19 -68.13 25.69 -163.09
-1.99 -5.82 91.71 -13.01
71.72 33.48 100.26 7.87
69.44 36.26 137.78 35.95
28.53 63.71 72.41 15.22
-23.78 20.28 49.23 14.42
53.37 91.58 81.44 71.90
-49.82 -88.66 -2.48 -110.03
-77.40 2.11 -18.50 -53.48
-19.60 -93.02 5.48 -154.78
6.26 -74.55 64.07 -104.40
2.81 79.67 50.01 23.48
-90.71 57.82 -81.21 22.16
-13.88 60.21 -3.55 -8.26
-46.40 57.68 43.99 -7.64
75.11 66.75 171.50 -13.28
97.77 -42.91 145.50 -64.78
69.37 -6.50 169.36 -33.61
23.68 40.74 86.59 -3.62
-86.89 -60.69 -78.94 -149.99
32.66 14.30 72.69 -83.54
-48.91 78.20 38.74 -7.25
88.61 8.82 172.40 -43.27
65.68 -47.87 75.51 -92.22
21.38 -50.78 91.47 -99.38

60
52.00 -98.77 117.24 -181.86
-38.92 -47.02 27.32 -81.86
-89.24 37.11 -54.92 -6.46
-87.74 -81.41 -59.13 -107.86
-57.35 -87.75 -22.94 -96.90
-3.07 -85.99 87.40 -129.75
13.21 41.61 13.33 -6.01
95.94 -18.54 150.53 -75.48
-75.83 92.32 -27.12 88.24
1.03 -62.30 22.58 -128.18
74.58 72.94 119.53 -25.08
-47.32 67.97 -29.56 32.43
-75.41 26.08 -67.95 -36.30
-15.77 86.85 19.09 81.77
-15.17 -43.76 76.92 -143.16
18.31 -29.19 74.63 -119.32
-53.98 9.55 -6.94 -8.28
-31.03 54.78 -4.92 53.43
-63.69 62.67 -4.71 3.36
-8.50 -70.72 1.16 -80.70
-52.09 75.44 -52.05 57.72
91.33 -25.37 99.12 -26.14
9.97 14.89 51.02 10.03
-45.11 25.13 -34.70 -41.33
-98.70 68.12 -80.27 50.17
96.94 69.20 116.14 54.73
94.13 27.02 123.25 6.64
32.83 59.88 58.14 -15.92
-0.40 -49.74 80.48 -105.21
-21.31 35.71 -19.49 6.48
45.81 85.94 89.22 10.86
-41.61 33.23 17.69 -46.32
60.63 -26.87 91.15 -106.64
-46.29 -89.90 -29.31 -147.60
54.95 31.12 147.37 -3.92
72.19 -8.16 134.62 -50.95
5.40 -7.40 18.74 -57.46
27.26 5.28 35.29 -35.83
21.53 39.83 111.49 -38.66
-74.13 68.27 -70.28 -27.55
-51.33 62.94 -38.03 33.17
41.39 -31.92 74.96 -74.30
5.76 74.95 94.21 16.32
-87.26 -20.52 -84.86 -89.94
86.37 90.34 91.02 55.32
-44.27 49.20 -20.17 -43.32
61.61 -97.71 73.27 -180.90
-1.76 -95.60 26.62 -194.90
15.20 -21.73 82.39 -40.35
-41.63 -69.18 -2.99 -147.32
13.73 -65.53 108.97 -70.15
73.03 -89.81 88.79 -189.81
-30.57 -53.33 4.68 -149.76
54.23 -93.63 77.91 -176.74
-12.08 8.43 55.96 -31.96
-98.84 -53.33 -49.44 -86.99
-89.89 -42.96 -13.84 -90.49
28.72 56.96 29.84 34.89
-44.64 53.57 -11.99 -13.70
86.11 78.45 102.84 54.35

70
51.84 25.36 69.95 -19.53
-65.62 -80.86 -28.47 -109.73
0.74 57.56 28.91 -1.27
-72.65 74.30 -34.38 -17.23
62.27 55.06 137.72 -43.25
97.95 -11.75 167.34 -99.42
74.41 -13.17 157.87 -73.52
90.00 -76.73 106.51 -85.00
19.47 71.82 57.75 55.81
95.80 52.20 189.45 32.51
38.74 -31.17 132.96 -51.36
60.31 97.15 127.93 96.11
62.32 -7.52 88.22 -24.36
-4.81 -0.01 32.99 -63.51
68.85 93.00 150.71 71.20
9.61 28.75 34.97 -21.20
-80.89 -90.09 -58.50 -139.51
9.01 -0.38 83.46 -12.08
-82.18 37.61 -64.60 -47.95
-60.60 -74.49 -28.93 -134.23
-50.58 -74.03 -9.46 -74.12
-38.17 -10.19 11.20 -101.96
6.62 -20.69 26.33 -55.12
30.11 88.05 83.65 84.34
-15.41 14.57 72.87 -81.70
14.69 80.23 42.41 75.86
-51.16 92.69 6.42 49.82
-33.57 -46.86 56.73 -112.45
-98.23 46.79 -76.63 10.12
-53.53 -95.40 31.45 -151.83
-29.63 -3.45 -9.43 -16.12
61.59 -69.41 122.73 -99.20
-83.16 -39.77 -58.45 -45.11
-60.60 21.28 33.92 -31.13
-65.70 -45.75 -32.95 -91.17
53.52 -46.33 140.52 -141.79
31.22 -95.49 74.14 -146.34
66.36 -94.13 155.18 -125.41
-68.95 84.89 -39.69 79.65
95.25 -87.48 101.84 -102.25
-82.12 44.96 -31.00 7.44
-72.28 -69.65 23.91 -132.01
43.93 92.58 58.63 1.25
-87.49 -9.85 3.13 -90.52
-18.40 -43.39 31.05 -43.51
-64.78 -26.73 15.35 -64.42
-49.57 70.58 24.85 6.55
-49.09 -29.52 -4.94 -44.18
-21.34 -9.58 -13.80 -68.46
-9.27 -44.43 23.77 -68.44
69.12 -12.36 83.67 -106.44
-14.38 38.02 -3.37 8.09
31.12 43.83 34.05 -32.45
-42.59 46.47 -41.20 -15.64
12.56 -86.69 53.80 -115.42
-84.05 38.69 -63.87 -31.47
-79.14 17.65 -54.68 -44.69
-29.06 -65.89 15.32 -92.44
-43.68 89.36 -31.70 -4.68
-82.32 21.28 -43.97 -28.24
-1.46 91.30 34.77 31.24
88.61 5.28 141.30 -78.17
-15.92 4.42 1.54 -73.26
-24.30 -70.78 -6.16 -114.98
92.58 -1.49 115.48 -69.14
23.65 -71.03 103.51 -80.57
-80.67 78.70 -3.89 17.73
69.64 -38.06 126.13 -48.79
53.37 -64.59 115.49 -143.74
-37.17 -11.92 25.35 -71.97

0
