30
-64.36 -24.89 22.99 -56.30
-79.16 -24.53 -20.26 -124.43
-90.22 28.98 -76.10 -40.35
-64.92 90.53 -4.63 41.57
-19.04 51.60 -13.22 20.80
63.97 42.49 152.12 -32.05
36.07 -39.51 89.32 -49.64
-0.33 7.33 30.02 -57.54
50.82 -21.38 147.46 -70.21
-80.29 -95.67 -26.88 -97.29
68.01 -81.15 148.63 -180.31
-44.48 74.79 -27.90 -19.15
96.19 -10.30 126.51 -64.78
-6.88 18.52 40.14 -17.11
-53.92 -84.31 -27.68 -124.96
52.32 -64.51 75.02 -154.74
25.74 -87.19 47.32 -121.51
-89.14 70.06 5.50 -23.75
1.43 62.66 77.17 -35.27
40.76 61.86 122.19 8.10
-2.93 88.62 72.43 -10.20
-93.68 69.92 -7.42 56.49
53.65 53.13 129.11 42.75
36.69 -44.33 55.42 -91.38
98.59 67.27 120.44 -9.77
30.91 85.54 83.09 38.76
85.60 -67.90 94.54 -129.18
-21.18 -54.46 -10.27 -119.94
57.30 -84.21 143.74 -165.55
88.98 -52.40 150.08 -134.06

0
