50
33.08 -24.67 62.69 -60.27
51.38 -76.27 84.73 -164.76
24.42 21.54 71.49 -23.91
64.10 0.57 75.49 -17.10
-90.41 -71.28 5.72 -85.66
72.64 -21.61 79.82 -70.41
1.38 95.37 91.26 36.68
89.66 -61.47 180.99 -152.77
-14.44 20.74 80.72 -10.03
-94.08 37.65 -25.38 23.01
53.75 50.15 62.50 -31.64
-11.49 22.33 39.46 -46.73
-93.11 -8.31 -63.70 -74.59
61.19 -48.46 126.61 -52.94
46.25 -2.44 50.24 -85.24
13.31 74.16 59.88 -18.10
-26.68 50.45 64.06 34.02
3.62 59.22 45.44 19.47
5.37 -1.42 19.32 -74.36
26.31 -17.30 91.01 -93.10
-20.41 -57.14 60.69 -129.30
-11.30 37.58 34.09 -39.56
-32.83 95.08 62.24 -3.30
-86.48 52.77 -25.27 -47.15
47.35 -1.55 70.00 -91.04
23.57 -18.31 101.11 -96.93
2.02 29.83 75.47 -53.42
-7.60 -47.28 85.98 -102.67
82.94 -12.15 85.61 -41.35
-48.15 61.55 18.71 54.70
-23.35 -88.26 52.51 -105.90
-64.07 29.21 21.21 -13.30
-53.91 72.73 -29.87 -0.43
-89.98 -50.12 -23.95 -109.35
63.39 -66.48 136.98 -76.57
-14.42 9.05 72.84 -40.48
64.85 -19.63 121.80 -68.45
52.63 65.22 52.65 -12.89
57.01 98.71 154.21 50.34
75.79 -42.70 101.43 -103.17
81.80 -15.10 94.41 -33.77
94.32 -74.92 111.27 -75.19
9.09 -34.88 14.69 -72.87
-57.20 11.55 -7.07 -56.63
-33.32 -72.79 51.29 -89.04
66.03 -46.39 85.01 -79.93
-59.72 61.69 -42.37 49.36
-59.68 61.59 -36.93 -31.19
80.74 -44.40 109.35 -79.73
-66.72 -61.78 8.22 -135.14

0
