2
71.49 19.53 81.31 -21.05
92.80 -74.05 187.52 -109.13

4
94.42 -31.37 172.71 -46.19
89.07 -23.83 152.70 -47.53
-16.43 14.24 9.96 -26.03
-38.68 79.34 -3.59 7.74

6
-34.73 34.28 39.62 -51.12
20.96 18.44 61.06 6.70
-34.17 -74.34 -7.89 -147.80
4.00 -1.13 53.41 -74.49
96.02 69.87 99.33 8.31
-54.08 8.41 -38.55 -73.25

8
56.00 -79.98 153.79 -166.63
-11.51 34.93 64.78 -45.62
77.98 -97.51 104.26 -170.13
-34.72 89.32 30.97 5.92
27.65 -26.43 52.66 -90.58
32.08 30.95 96.40 -10.45
-28.73 -25.09 32.78 -102.46
9.45 -0.17 31.44 -8.23

10
81.39 -9.11 115.19 -43.65
86.98 21.97 89.88 -47.47
2.54 27.21 92.11 -53.71
-97.86 73.62 -62.27 68.97
-73.22 -98.32 -46.39 -163.61
-48.47 -34.87 49.87 -73.45
39.88 66.78 69.62 64.15
18.06 36.80 52.64 -13.49
90.09 -31.89 143.63 -59.35
5.12 46.44 77.02 42.89

12
4.68 83.53 100.85 -5.65
56.96 -27.25 70.49 -101.51
-66.98 -15.16 18.63 -52.19
-85.49 -41.54 -3.58 -100.34
31.02 17.61 97.66 -74.38
-93.39 73.82 -73.58 12.55
-82.39 -96.47 11.30 -100.87
9.07 -6.44 105.91 -80.33
32.42 -63.62 54.79 -116.68
17.27 49.61 43.64 -34.86
-97.53 64.08 -51.46 15.25
72.78 46.93 144.00 -20.90

14
-13.73 27.90 28.29 -40.59
-39.43 -88.91 -34.29 -132.30
-94.61 64.59 -19.52 5.13
-49.53 74.32 -48.02 63.51
96.03 67.74 154.13 44.23
95.09 -99.65 135.86 -107.00
17.73 -48.07 99.47 -57.53
16.07 -1.33 79.78 -67.01
41.41 66.47 50.30 47.76
-88.35 -14.63 -39.43 -104.38
5.43 65.18 79.93 10.12
0.51 -89.67 60.31 -97.12
-23.33 54.43 20.83 23.45
80.72 -10.64 169.49 -14.08

16
-17.93 -86.29 44.90 -162.17
-73.15 55.43 -48.29 -28.12
-12.86 11.27 55.14 -67.59
74.75 74.19 158.81 1.43
-11.07 -77.79 40.19 -116.42
-49.59 -43.15 22.32 -45.92
-35.82 -3.15 -9.16 -89.10
87.96 -52.45 180.11 -55.07
-32.61 -75.54 -28.17 -165.83
-48.52 62.31 27.84 -3.37
-91.26 -9.08 -16.28 -71.04
26.38 13.21 111.99 -16.65
58.69 -61.99 137.96 -74.84
-21.72 -35.76 5.28 -110.36
-76.39 -1.64 2.88 -46.87
-9.32 -66.01 26.34 -73.41

18
16.21 1.76 60.77 -94.22
87.82 85.77 183.43 -0.08
4.59 27.07 44.68 -48.93
-75.52 -72.99 -63.41 -169.62
-34.43 -91.54 -0.58 -100.90
-17.61 -22.41 -15.61 -114.66
-9.30 -4.41 33.69 -98.91
-49.15 -39.30 -10.12 -107.54
-2.52 -85.77 -0.12 -167.23
89.20 19.97 165.68 -28.78
83.59 77.48 154.09 -5.65
-30.41 73.06 40.39 35.97
-71.26 -43.03 12.47 -59.05
-19.08 -25.31 27.75 -104.33
-3.69 39.39 29.78 -57.27
-62.05 80.84 15.81 -0.49
16.34 -34.09 82.96 -37.43
84.80 81.31 86.29 55.27

20
41.56 -20.02 46.70 -69.85
-92.49 -1.00 -35.83 -22.31
59.92 94.15 98.10 86.50
77.97 42.24 84.02 7.87
-80.30 -73.34 -14.39 -129.65
-60.21 -59.89 -56.91 -118.43
-22.23 -43.67 41.50 -81.14
16.50 91.33 91.70 14.13
16.45 -2.88 108.68 -41.05
73.31 -86.80 88.55 -87.05
-8.57 3.38 90.60 -26.98
96.12 -9.66 122.73 -75.58
70.73 82.88 118.35 32.66
-35.27 -8.54 -24.68 -28.21
4.14 16.46 60.69 7.60
-8.01 47.86 61.13 42.70
-77.49 61.62 -18.24 -26.37
76.74 -31.39 156.12 -59.26
8.25 -47.95 76.82 -137.24
-24.67 -94.68 -22.55 -175.91

0
