20
-37.77 75.25 -30.65 -18.31
90.32 98.50 131.93 88.31
-68.82 19.01 -56.55 -53.14
-25.64 39.95 71.36 -1.07
17.64 94.83 91.70 18.67
8.42 9.87 17.24 2.09
52.68 31.64 123.69 2.82
6.40 -72.26 94.94 -96.56
90.24 28.80 185.60 -56.20
21.97 35.36 78.94 14.77
-48.95 93.60 -45.55 9.83
32.73 78.67 111.40 -12.23
-13.05 0.19 23.77 -17.70
56.48 47.38 63.94 32.43
82.89 63.03 175.84 48.85
-53.88 19.71 35.73 -37.39
-82.25 65.50 5.09 -25.49
-70.65 -90.18 -14.23 -123.37
-9.19 87.14 73.47 5.01
-39.32 -78.25 -0.30 -101.66

30
86.84 32.98 141.80 -62.16
-64.98 76.69 -9.25 75.69
-98.84 -16.06 -68.67 -17.57
-24.05 99.10 30.13 57.94
74.56 59.48 126.40 18.87
-43.71 22.46 -4.75 -49.85
98.87 -87.87 133.09 -143.78
-65.30 -93.05 13.84 -125.81
45.13 57.73 59.42 -13.94
99.19 48.92 168.70 -50.94
39.42 -13.57 80.13 -75.31
96.90 6.18 111.16 -59.59
65.41 -3.63 93.59 -61.64
99.29 62.91 111.97 18.73
8.12 -54.80 69.66 -150.40
2.74 15.11 55.29 8.98
69.79 24.50 125.48 -69.67
-3.01 -30.58 55.74 -89.31
-13.07 27.46 51.32 -2.71
-52.91 17.72 -50.47 16.53
56.38 2.91 140.41 -61.16
29.45 -25.21 78.36 -39.73
38.84 66.35 55.60 18.72
38.36 47.81 49.57 -19.86
-50.28 73.99 -8.57 22.03
-63.11 -55.71 18.00 -107.32
-29.86 55.98 62.42 31.17
-35.88 -81.26 -7.21 -166.30
15.04 -47.61 68.37 -54.19
-69.18 8.85 28.53 -61.88

40
80.53 98.87 153.24 89.52
36.35 18.19 111.84 -1.60
-40.61 68.34 -12.34 -21.84
21.93 65.24 103.79 62.50
61.45 90.80 65.15 60.10
-61.12 -62.51 -55.39 -93.36
-95.40 -54.14 -91.11 -123.06
55.21 64.46 69.93 45.55
-47.40 -49.77 40.07 -65.13
49.70 55.12 127.52 23.47
67.44 47.69 158.91 21.22
50.15 32.67 120.28 -37.12
-83.10 49.31 -62.26 48.90
60.76 43.77 134.43 34.68
31.93 -30.88 119.36 -38.16
93.33 19.34 142.58 -46.38
44.03 -46.48 55.54 -110.98
68.00 -79.35 98.25 -104.33
-50.85 -87.38 8.52 -108.61
81.50 17.04 162.92 -19.67
42.74 26.89 73.71 6.52
-45.79 -89.51 27.21 -139.75
49.51 25.47 63.22 -40.92
62.36 -52.45 106.20 -87.26
-68.08 -90.11 19.30 -128.22
-62.72 40.72 3.11 33.58
-97.16 32.24 1.83 -19.07
-28.90 58.58 47.65 -7.91
90.93 -72.87 117.08 -166.19
6.78 38.55 23.50 18.24
-88.75 44.29 -75.97 20.53
9.97 -74.12 104.97 -142.42
78.89 -68.40 170.97 -127.57
21.17 -50.83 24.99 -52.26
-29.86 78.20 -21.60 40.93
-31.06 -94.83 -4.19 -158.38
83.54 -57.12 94.14 -143.86
88.55 -55.03 99.73 -73.54
82.26 65.35 103.49 52.93
34.69 -71.65 60.07 -134.40

50
-90.54 -14.03 -18.66 -56.54
-96.46 44.99 -7.74 20.31
-39.78 -15.62 23.38 -89.79
85.98 -11.36 121.75 -107.37
66.04 -11.96 91.65 -109.30
-37.10 -85.67 38.71 -132.92
-97.54 -1.07 -46.48 -73.30
-77.29 -90.88 -60.09 -180.91
-34.72 40.02 -14.90 -46.00
32.56 -37.06 85.63 -99.20
77.87 -67.62 147.72 -83.45
-73.37 39.21 -26.75 11.55
89.52 -19.92 131.55 -101.40
88.79 13.43 100.37 9.10
4.21 61.74 92.20 -17.90
-98.91 -26.38 -41.84 -79.36
39.33 -94.01 85.03 -146.91
6.06 57.33 60.30 -32.22
55.54 62.83 127.44 0.23
87.68 38.32 174.59 28.63
21.77 73.47 92.15 71.75
-85.64 69.33 -17.21 21.80
83.71 -11.46 153.83 -17.44
7.35 -61.99 49.48 -87.76
-11.04 87.53 77.68 -7.35
-1.55 99.19 33.27 6.62
89.22 12.44 151.88 9.73
23.60 9.70 122.42 -72.55
87.37 -56.23 125.82 -95.48
-38.01 -89.42 23.34 -170.71
-73.59 -80.36 22.88 -134.67
-24.48 -23.14 72.96 -52.19
-72.15 -73.22 -49.48 -139.73
28.88 86.66 85.97 53.23
78.33 -23.11 130.91 -80.24
78.26 -51.29 84.36 -86.98
36.54 22.56 123.10 0.07
4.74 -28.25 90.20 -44.03
-13.72 64.14 1.96 39.40
-61.45 59.15 -6.69 -30.69
96.93 -47.88 100.63 -128.25
-29.04 68.67 32.04 53.87
69.37 -0.63 111.15 -78.43
-16.93 -10.04 50.25 -91.65
43.04 -16.87 73.39 -38.39
34.20 -38.68 114.03 -86.90
18.98 38.92 63.78 -19.38
47.14 72.57 89.84 36.28
-85.87 -73.18 -75.22 -126.63
3.77 81.95 100.39 -9.12

60
3.62 -14.90 51.16 -64.51
-78.49 -86.75 -13.71 -170.47
30.84 -23.01 72.04 -81.76
-80.26 92.74 9.87 76.28
68.98 -16.52 137.05 -25.79
-95.06 -63.99 -56.91 -140.99
-96.90 98.37 -68.90 3.96
4.33 -98.80 83.52 -175.48
68.66 -58.56 105.59 -104.27
60.04 87.77 141.75 -10.61
-70.16 -78.89 24.00 -164.30
59.21 -21.17 139.32 -95.91
-89.48 -49.52 -23.53 -145.61
-79.74 0.48 -50.78 -14.89
0.79 -51.34 22.14 -133.26
-18.50 -97.29 0.99 -99.24
-46.17 -56.11 -31.60 -142.49
45.49 -45.46 58.52 -120.39
-39.63 -64.06 -6.14 -138.18
-79.03 89.47 -37.11 47.59
42.55 72.14 66.55 -8.60
74.06 38.16 112.20 -10.32
-56.03 -55.13 -0.50 -139.07
51.22 -58.87 128.22 -124.87
-90.42 -72.16 -75.07 -123.67
-31.24 -52.81 33.35 -118.66
46.67 34.29 52.50 -43.27
-22.61 72.51 32.67 0.95
-62.48 2.37 9.55 -24.33
4.45 -80.15 63.61 -81.02
34.62 -8.74 39.84 -76.92
53.18 -60.47 140.48 -97.43
-89.28 6.14 -36.89 -90.32
95.04 -48.98 182.87 -145.58
59.23 -39.11 70.08 -42.10
-70.28 38.07 -24.81 -56.96
44.10 -65.32 47.34 -150.61
-92.52 80.59 -39.70 37.55
-15.74 81.58 -7.49 28.18
-91.02 92.86 -77.91 43.25
23.62 12.35 93.50 -9.16
60.31 0.29 61.26 -44.97
-13.90 82.81 5.64 29.84
-75.58 -94.00 14.47 -179.93
43.81 95.91 67.25 35.21
-45.49 73.69 9.71 28.95
-62.80 52.42 -51.49 0.63
21.52 -15.47 90.88 -65.48
77.26 -30.11 128.44 -74.93
34.36 -86.19 80.75 -168.15
-66.96 30.58 -56.91 -51.33
60.78 -83.30 85.36 -180.82
61.52 15.73 141.93 12.32
-74.21 -87.09 -27.08 -100.08
-27.39 -62.78 31.10 -115.20
15.97 -83.61 87.90 -121.26
-61.77 -13.09 -29.89 -41.98
-49.87 -31.11 -15.22 -49.15
52.61 -9.80 123.78 -28.63
90.12 5.21 187.13 -16.86

70
-70.07 71.87 -46.86 -10.31
-39.41 -96.96 -4.50 -161.86
-14.39 21.13 57.74 -74.47
-77.91 -48.08 -17.63 -102.79
89.58 76.94 157.60 66.36
99.51 -86.58 123.96 -101.58
-97.83 -54.16 -74.54 -60.12
6.22 -61.47 27.24 -83.99
7.88 11.20 49.59 -73.31
-76.33 58.65 16.03 -26.58
47.21 96.64 123.61 8.29
97.85 -27.24 141.80 -99.89
13.68 5.33 22.96 -79.21
-4.45 16.37 84.67 13.21
-69.26 -26.68 -62.24 -30.11
27.25 -83.69 105.39 -170.22
52.58 -53.46 88.71 -149.14
88.16 11.21 102.35 -7.52
-56.90 19.96 -43.42 9.10
-5.34 48.48 17.38 22.42
78.85 61.49 106.25 -28.78
0.99 56.51 20.52 -3.69
-5.16 84.48 84.19 74.45
69.14 -65.26 87.74 -117.87
45.84 -70.68 112.47 -76.96
34.89 -95.52 65.64 -142.79
-8.51 68.22 -6.30 4.31
63.82 19.63 94.68 -24.12
30.04 56.86 79.54 4.21
23.35 -50.62 36.45 -149.96
3.20 -77.81 40.59 -127.72
10.25 13.75 21.47 -44.91
74.02 -2.09 107.10 -100.31
68.07 -21.92 102.08 -23.57
39.69 -2.56 129.09 -9.94
-95.52 -5.91 -40.55 -33.01
-16.75 48.75 29.93 22.76
-23.75 -87.35 75.56 -104.72
-9.66 6.22 0.03 -69.06
47.54 -12.48 139.47 -75.19
-37.92 1.85 -3.17 -57.44
47.40 -60.49 112.40 -118.80
-60.23 -98.75 -16.57 -138.48
-47.03 56.72 28.74 30.95
24.04 89.84 51.54 -1.70
-92.72 69.62 -41.22 17.22
-80.89 29.90 -65.71 -5.30
44.07 -41.76 105.32 -127.72
-38.55 -98.23 21.67 -174.46
-63.40 24.29 -50.94 -46.34
2.92 -29.54 44.84 -98.10
13.53 92.21 97.26 31.70
-90.20 -96.40 -3.55 -155.06
92.21 -8.90 127.12 -10.29
-87.88 -92.49 1.71 -152.84
-31.98 -86.87 48.51 -114.90
-8.26 45.16 49.10 -11.18
-31.67 44.51 41.19 -40.69
-67.07 53.32 31.28 31.28
-69.49 21.35 -51.11 -22.10
-23.99 -14.64 34.73 -33.97
-4.39 75.58 36.79 28.08
12.09 72.48 51.64 58.69
-77.05 4.80 -60.15 0.25
-63.51 -82.13 -30.26 -109.67
-74.49 -74.45 -52.69 -167.14
-61.56 -83.36 24.46 -134.90
-98.14 -49.59 -16.44 -94.97
-53.63 29.23 -26.69 22.94
-2.14 67.56 56.98 20.50

0
