100
-15.38 -91.25 36.23 -101.37
-14.38 79.13 -9.22 -2.59
97.39 -85.54 142.42 -170.35
-35.89 -87.88 43.60 -141.07
6.08 -71.97 6.20 -128.02
-11.01 -96.97 58.82 -116.18
69.41 -8.83 111.90 -101.74
68.72 85.45 107.86 56.79
-46.05 96.39 10.80 40.83
-42.48 -5.09 -29.87 -20.22
-42.38 -89.46 28.58 -99.20
94.27 11.67 177.26 -82.52
-96.23 69.56 -10.72 36.83
-76.58 11.26 -74.26 2.40
22.78 38.01 50.85 32.29
44.54 70.20 50.78 42.21
42.68 73.47 116.80 15.75
56.82 24.29 59.31 -62.99
-4.79 39.84 4.85 -11.59
-34.32 83.56 22.68 32.13
10.67 72.52 16.61 -5.59
1.07 70.47 28.29 3.43
22.60 14.78 62.37 -44.72
60.41 -33.06 85.82 -103.80
32.45 -83.61 52.05 -122.22
-66.10 -68.96 -23.80 -83.58
-5.21 -86.00 67.15 -163.47
-4.26 -24.39 21.55 -96.58
75.21 97.40 79.21 26.69
-47.60 88.71 40.64 -3.01
5.78 -93.59 77.89 -119.53
-72.99 -80.25 -61.76 -151.42
-82.63 0.50 16.15 -58.53
29.28 55.48 56.69 16.18
-37.00 -3.73 -28.60 -4.68
10.82 -33.78 95.68 -74.26
63.47 -22.21 159.56 -38.00
38.19 -84.26 80.19 -122.08
4.08 50.23 24.19 -34.59
29.61 96.73 127.26 28.45
90.37 29.79 154.61 9.49
-4.38 -20.58 30.74 -27.26
31.33 40.75 65.86 6.14
0.40 -57.97 47.25 -79.01
59.94 -74.63 99.00 -79.59
-82.78 89.61 -71.26 58.75
-76.09 -36.95 -27.27 -79.29
90.49 -38.33 105.14 -50.39
83.37 42.31 136.96 -52.06
-63.98 -20.72 -23.71 -48.23
38.01 -67.61 44.94 -153.58
12.68 -11.27 24.24 -11.86
-27.78 60.77 -25.92 31.38
-19.68 -78.53 6.51 -168.91
55.15 19.06 85.46 3.50
-77.29 9.15 -63.44 -63.15
-38.55 91.35 18.88 58.82
-41.18 -32.37 0.82 -107.45
88.70 27.74 174.44 -15.71
91.57 95.25 101.19 18.89
-60.47 70.14 31.92 -26.40
50.81 -81.37 148.85 -94.40
8.83 78.52 107.06 45.75
75.32 62.77 168.18 43.38
70.82 -97.55 138.29 -100.21
-51.23 22.85 0.65 -44.04
-3.90 96.53 38.42 93.04
-44.90 71.21 25.12 29.28
-54.72 87.54 34.50 87.20
-48.56 46.01 35.63 -19.52
-16.32 -32.83 53.75 -132.71
69.95 36.76 138.45 9.22
40.82 6.17 95.38 1.26
54.61 7.21 148.05 -74.06
98.54 -35.97 157.34 -124.79
-84.82 -22.41 -23.30 -42.62
-66.63 -96.90 -37.94 -191.83
37.63 -74.25 123.49 -111.63
61.64 -93.50 148.50 -176.38
-71.19 60.82 -22.34 10.63
-60.27 46.62 -33.26 30.68
-6.96 -26.83 56.01 -85.54
-42.63 -45.88 27.91 -53.37
-61.12 -29.20 -3.31 -123.03
-71.45 -3.05 25.30 -24.99
-2.85 75.19 30.66 71.91
32.26 -5.29 52.81 -61.50
94.15 68.29 148.22 50.52
84.48 -34.18 103.35 -45.90
69.13 57.93 70.74 20.04
33.33 33.24 34.25 30.02
-49.01 59.90 27.56 -22.82
60.60 98.97 136.77 57.77
16.26 83.06 24.68 37.71
45.99 38.57 144.89 -28.76
39.01 -52.46 75.17 -60.07
4.39 -36.19 62.61 -54.96
13.12 -33.67 41.96 -110.26
41.83 -44.97 80.62 -91.46
78.09 77.18 120.41 58.25

0
