2
-73.08 11.05 13.45 -54.79
92.91 -97.34 103.55 -193.96

4
3.53 15.41 54.10 -46.68
96.45 -52.51 138.01 -53.59
36.64 -26.59 37.57 -75.91
27.20 24.62 62.21 -21.65

8
23.74 52.57 37.19 -10.52
42.03 57.10 46.24 49.23
-25.02 23.16 -10.65 -69.48
-11.75 64.82 -4.06 50.23
-46.08 -44.92 -29.51 -45.56
-65.32 55.68 -20.83 17.28
38.71 36.14 115.60 26.36
34.75 -25.35 45.47 -33.42

16
20.97 -95.04 73.29 -145.52
-31.69 57.81 31.94 7.46
63.53 38.86 161.96 3.46
28.20 -10.81 53.30 -59.90
23.72 -59.46 108.01 -110.10
-80.87 64.11 -23.41 63.76
-84.64 -73.25 10.03 -104.43
-81.88 -74.22 -20.13 -107.40
30.68 38.08 83.13 19.82
9.70 -39.16 90.43 -99.95
-27.84 -38.99 -5.60 -119.54
-46.71 -85.55 -9.17 -109.53
54.89 81.76 104.44 64.23
-33.27 -82.66 -29.15 -172.63
31.72 75.95 80.29 22.61
16.65 -95.28 90.03 -169.08

32
65.87 -21.05 143.10 -93.85
-4.88 -49.18 -1.03 -105.35
-69.58 78.94 -42.20 31.87
-68.33 -56.68 -52.03 -139.19
-51.11 27.84 -36.22 -18.14
40.85 78.09 88.89 37.22
8.07 75.02 83.52 38.51
37.52 67.38 50.03 34.52
71.84 94.48 131.21 72.13
-34.39 -76.16 35.02 -148.02
4.18 98.10 75.44 9.96
-18.88 -92.49 64.51 -157.40
-30.45 6.22 -11.35 -67.87
-94.50 -95.25 -55.75 -156.32
20.60 -19.11 41.96 -40.22
-76.63 -54.53 4.62 -132.17
-93.91 18.58 -23.60 -76.77
-63.27 -40.75 15.35 -88.84
35.83 -54.49 100.90 -75.89
7.40 20.85 34.44 -49.72
-75.09 62.67 -65.97 34.22
20.87 42.29 102.54 -32.07
-93.90 46.88 -80.67 6.05
-13.57 -68.72 43.20 -131.88
47.10 -69.97 104.32 -94.79
52.28 54.65 75.39 16.07
38.38 50.90 80.14 13.38
-41.02 20.80 -12.44 -34.33
-72.05 2.10 -67.40 -8.23
80.40 -73.57 162.19 -82.36
-29.49 -20.63 56.14 -60.04
8.92 -99.21 76.56 -114.54

64
-68.07 -18.82 29.63 -67.58
29.58 24.16 38.81 -67.23
-56.48 3.80 -52.40 -33.75
-1.76 98.14 48.77 85.92
36.21 -69.91 41.49 -92.71
89.11 -98.94 100.33 -181.44
1.41 20.12 14.05 -20.68
9.96 75.05 66.27 51.19
22.91 -22.64 44.77 -99.19
-3.98 60.04 27.30 7.88
3.50 86.22 6.27 37.69
-10.95 -84.94 25.13 -175.00
70.32 95.22 160.52 6.36
83.45 48.94 134.02 12.24
-15.57 -45.51 79.19 -68.46
-21.14 19.87 56.89 -75.13
-96.94 7.14 -44.82 -64.24
17.08 57.52 60.66 17.98
-52.93 -18.75 41.75 -86.54
0.77 11.41 70.71 -81.34
-88.52 -67.77 -28.02 -78.48
-7.52 35.75 46.64 -30.34
23.50 -54.69 74.43 -99.66
74.79 83.73 160.86 69.78
-99.52 -76.67 -88.92 -175.36
15.76 2.97 97.06 -39.91
-10.88 -42.63 20.33 -128.33
-71.40 99.29 -20.98 82.95
-22.25 5.89 51.85 -13.99
-59.49 67.34 29.55 -29.07
-34.90 92.67 30.72 14.67
-7.13 -25.97 46.15 -93.05
-58.29 -25.24 -14.34 -115.86
-16.63 -74.72 63.53 -166.92
-5.61 28.58 20.93 -8.35
-69.60 -54.04 -46.64 -123.80
-20.66 -44.30 2.49 -112.77
91.12 60.26 188.95 1.01
26.32 19.40 67.31 -70.03
-3.29 -28.41 76.64 -102.36
-66.12 88.90 -50.21 12.39
-18.20 -89.40 26.76 -139.86
95.03 -9.72 151.22 -39.97
-20.08 -55.06 4.77 -85.39
52.79 -58.66 56.85 -70.03
-67.40 -74.30 -31.97 -88.58
-73.09 -17.67 -68.99 -48.37
-82.72 83.43 -44.76 4.43
-24.13 -94.84 -6.80 -124.18
37.13 80.33 54.04 2.26
62.07 30.95 97.54 24.13
36.36 75.46 127.74 -8.77
-26.02 88.94 4.16 59.43
-95.23 66.50 -65.72 -2.04
25.18 9.39 44.47 -69.23
18.22 33.87 19.72 -19.28
98.27 59.06 142.17 -19.20
24.67 32.33 114.51 12.74
-69.26 19.62 -41.10 -57.41
-69.56 -49.82 3.74 -51.45
-49.82 38.07 -12.93 -6.03
67.21 -12.36 82.11 -55.47
-42.16 -37.54 13.36 -117.74
27.58 -6.16 41.28 -61.16

0
