5
-12.08 38.04 -0.10 -4.10
81.50 73.76 109.94 68.66
-51.77 -93.31 -34.25 -151.05
-2.93 -89.43 63.35 -152.86
-77.96 -3.55 -12.83 -66.54

10
58.46 53.70 112.49 -46.30
-78.90 88.99 -41.56 51.52
-36.54 -3.70 49.73 -50.93
24.72 50.92 123.12 -30.36
-16.70 76.22 -5.93 73.43
-73.28 -87.99 -64.60 -138.55
100.00 48.41 151.81 -37.05
2.93 64.64 63.03 5.09
75.69 -84.77 170.65 -99.01
-83.73 -22.04 -73.28 -66.04

15
-99.33 -38.22 -20.15 -53.43
-19.26 -32.93 40.71 -84.23
86.24 -6.06 114.71 -52.34
-9.04 -39.06 35.33 -86.38
69.83 -17.02 125.68 -34.88
-9.52 72.28 5.60 64.86
-18.30 83.45 71.34 4.10
99.83 88.64 139.88 -0.86
-13.65 -90.13 -8.92 -125.98
54.71 -24.32 139.81 -95.14
-43.79 33.17 45.49 -24.11
-85.44 -87.72 -53.94 -154.63
-38.62 88.95 2.65 46.13
93.93 61.43 135.80 20.29
-33.77 77.63 35.07 69.74

20
41.41 21.88 54.60 -34.46
12.34 -19.74 75.35 -87.44
-54.67 -97.61 -9.43 -113.65
36.79 -85.79 59.24 -87.68
-19.41 13.94 -10.60 -78.54
-74.08 -90.92 -38.16 -188.92
27.71 84.70 47.32 43.98
36.84 -3.73 106.82 -91.88
92.97 68.42 104.15 14.69
32.57 74.15 99.75 61.38
37.63 39.00 90.31 16.61
71.14 -63.66 104.15 -131.85
84.54 -57.79 160.72 -83.42
-34.67 -68.14 43.92 -88.70
-87.85 -89.67 -26.07 -180.93
86.58 -36.34 177.24 -134.09
-31.36 36.00 47.74 -0.08
-74.54 -74.04 -54.29 -76.92
-56.89 -51.18 41.63 -65.89
-59.61 30.97 -42.39 2.55

25
-83.91 41.68 -17.22 -39.73
27.71 -17.67 116.66 -106.05
-21.82 -47.00 65.85 -143.23
28.05 14.66 56.64 -12.40
53.52 -72.77 116.31 -160.18
-52.27 38.34 -11.69 30.02
93.93 -52.04 114.50 -67.97
18.42 -96.85 107.81 -132.94
-80.14 66.10 -68.97 -8.48
-55.61 -73.71 -44.38 -82.32
-24.12 -69.62 25.12 -163.68
93.87 -82.16 151.69 -144.52
-58.65 -31.73 4.78 -53.40
-20.42 -19.48 65.85 -38.27
90.91 -37.75 142.39 -122.05
-57.00 -38.76 13.05 -46.43
-64.97 -80.15 -19.62 -126.80
-91.73 -12.29 -9.90 -15.77
-13.02 -54.41 49.94 -82.85
3.56 36.81 94.87 -41.87
-98.93 88.30 -39.14 39.07
-38.71 -50.17 -10.31 -96.69
-94.52 60.02 2.32 30.94
-96.61 -65.01 -11.20 -104.22
13.88 -99.63 23.41 -183.77

30
-6.31 -20.57 64.31 -63.90
-58.76 95.28 37.94 73.27
96.81 -70.02 176.64 -162.68
-27.66 -50.30 20.29 -109.55
21.23 96.58 44.26 94.83
35.48 -39.30 128.91 -94.15
-55.68 81.84 -27.49 74.15
-80.77 -58.80 10.21 -136.51
17.62 -52.80 63.76 -129.73
-63.27 -96.34 -1.46 -100.01
-66.83 -11.61 30.32 -36.43
-10.07 29.12 38.53 -39.04
-4.72 -87.80 27.39 -178.24
-85.03 19.10 12.46 -65.10
-13.60 81.47 16.10 74.46
0.79 -44.04 59.51 -116.40
42.24 -73.06 56.96 -82.19
64.08 82.11 124.19 42.86
58.18 12.03 119.81 -9.87
37.00 49.22 69.06 -34.85
37.67 -19.33 80.75 -103.54
77.83 -14.46 130.94 -23.48
62.89 -81.30 156.27 -150.21
-49.58 -17.04 -8.56 -75.70
19.03 -84.69 102.27 -160.34
34.51 -85.20 70.67 -101.07
35.82 24.28 79.87 -64.51
27.32 61.29 38.02 24.00
23.16 -6.76 60.69 -19.40
-24.65 41.76 66.03 21.45

35
72.91 54.65 112.45 36.02
-63.72 30.73 31.74 -24.27
74.17 -46.45 170.02 -111.68
-88.08 -30.12 -3.68 -59.82
47.44 24.76 59.30 -55.55
-83.60 78.57 -34.58 51.79
40.73 -73.65 99.15 -101.36
-52.32 12.55 -46.93 -53.90
-48.94 -13.88 -37.46 -29.03
15.92 -75.80 37.40 -106.57
-64.64 24.59 29.86 -14.42
48.76 36.63 110.30 9.36
-42.91 -19.64 16.77 -22.35
41.50 -39.59 82.82 -72.26
78.56 82.97 104.91 -7.63
49.22 53.29 115.14 -36.78
-46.55 93.36 46.40 66.84
-71.78 51.80 -6.14 31.13
0.09 63.49 53.33 -33.71
-74.13 -11.78 -20.18 -62.10
-56.79 -45.42 19.40 -120.36
90.55 47.18 97.45 2.40
0.53 97.10 55.02 66.36
27.87 -86.91 30.89 -180.23
-39.91 76.00 47.01 -13.62
-35.69 -86.80 33.62 -166.80
-54.72 -18.90 -18.28 -61.89
-3.79 70.43 46.32 36.29
-3.21 75.22 94.06 -24.53
-0.02 45.98 52.93 -11.20
-85.94 1.63 -73.47 -25.47
-41.75 73.89 -13.37 -7.89
93.73 77.39 99.44 72.46
17.30 -32.03 26.42 -62.95
-21.67 1.04 9.08 -92.67

40
32.51 -84.02 100.67 -93.39
-14.15 40.25 81.45 -54.20
81.48 67.08 136.31 -11.56
29.35 59.41 118.37 -2.31
28.77 65.22 62.14 28.44
-44.88 -2.90 -22.51 -18.86
-88.95 84.88 -9.16 35.14
29.58 9.95 30.53 -79.38
78.78 -15.21 167.37 -72.70
-13.55 62.00 42.84 30.51
77.64 -88.76 81.72 -98.09
-89.96 57.69 -86.49 -37.94
-17.39 54.78 0.67 -11.54
-25.37 91.80 8.08 68.35
-92.30 92.11 -22.63 46.79
-13.78 21.03 5.79 -27.12
-94.18 -70.11 -52.32 -139.69
-20.02 -50.34 69.65 -89.19
46.47 -92.28 120.47 -125.60
15.34 -34.26 31.37 -51.10
-87.32 14.82 -87.16 -69.60
-19.70 -35.66 63.43 -120.00
94.21 -71.87 173.05 -150.17
67.50 50.83 87.92 31.08
70.52 -10.78 71.78 -69.60
16.91 30.04 45.65 19.93
-25.08 3.11 27.61 -74.08
33.42 55.86 120.43 45.05
-89.63 -35.70 -35.54 -104.80
82.28 41.16 180.91 -4.37
-52.25 93.48 -22.49 21.91
41.44 -90.65 67.30 -175.94
79.13 -96.85 109.91 -173.23
-53.00 6.59 11.95 -67.76
21.17 0.93 115.03 -83.72
-93.63 -12.44 -58.92 -15.44
68.29 -13.24 98.49 -61.99
-26.27 37.99 60.61 -24.41
-19.94 -96.78 0.53 -158.33
-17.06 3.44 80.90 -51.55

45
-45.53 57.79 -7.53 -23.03
15.80 56.73 84.76 -19.03
85.98 52.02 120.95 -5.14
46.45 -44.89 88.74 -68.71
-63.10 -75.90 -59.17 -143.01
-51.95 -86.21 -9.27 -138.27
-39.38 40.21 31.09 -0.41
73.25 53.44 136.69 40.49
-93.03 -45.89 -10.89 -57.02
27.67 67.45 75.83 54.37
12.79 95.73 46.00 85.15
43.79 -1.67 107.16 -47.41
-64.97 46.01 -59.81 -30.70
-67.43 13.00 -49.37 -18.38
18.81 -90.82 27.87 -131.32
-59.15 23.10 3.36 -36.02
9.64 -97.21 96.84 -110.33
-24.88 -90.79 65.60 -179.57
-83.15 -48.16 -14.29 -146.01
-34.48 -23.35 41.98 -66.10
14.32 -4.74 91.92 -15.59
38.64 96.04 41.63 6.21
-75.05 91.58 -18.72 84.87
43.79 -37.18 115.25 -135.85
-22.98 44.90 -12.93 -24.51
34.62 48.07 79.18 30.13
-56.78 -36.71 9.52 -84.31
-53.77 -93.48 -15.45 -115.57
77.54 -91.24 95.79 -175.32
-71.93 -41.82 -4.44 -88.88
50.22 1.17 96.96 -12.75
-6.59 66.16 42.52 37.60
-52.11 -1.68 -38.31 -84.65
28.77 -3.84 114.99 -50.86
-46.37 89.72 36.29 20.80
-30.07 -38.02 55.95 -116.12
50.88 14.37 97.83 -56.87
96.08 -63.45 111.05 -108.62
-94.47 40.48 -49.27 -32.03
-80.59 39.60 -23.50 -31.76
-27.96 30.00 68.06 -34.10
54.90 -99.58 76.13 -131.90
42.28 -48.27 56.22 -120.29
-56.64 38.63 -18.75 20.07
-89.95 3.56 -33.94 -11.42

50
-29.44 5.55 67.51 -20.34
-40.73 -42.09 -34.92 -118.03
-23.59 85.59 -19.62 79.24
-99.17 53.93 -76.90 -17.05
-19.91 -30.44 54.56 -58.59
-19.40 -74.01 49.33 -128.96
-39.30 -19.17 3.99 -32.26
-39.61 79.74 50.28 68.00
-72.21 -39.52 -33.09 -81.90
33.97 -94.24 57.09 -133.49
91.89 -1.06 155.07 -48.98
-18.26 -45.05 -3.79 -98.77
-97.47 39.39 -82.10 4.47
90.80 -8.94 150.40 -15.30
59.72 -27.83 90.96 -41.81
70.81 -17.51 75.82 -43.88
-75.45 -10.50 -46.77 -66.44
-18.15 98.97 7.88 20.37
55.49 76.41 70.24 55.20
56.76 -61.71 101.35 -113.59
79.39 -23.61 149.08 -80.47
48.43 24.06 110.42 -50.19
-30.67 -10.75 -22.86 -109.90
-38.35 87.48 21.25 2.32
46.62 -66.20 59.68 -133.52
-60.66 -25.38 3.52 -107.10
49.79 -60.37 110.73 -145.35
64.73 4.95 147.93 -90.67
21.00 19.55 88.62 0.00
-86.20 48.05 4.42 -2.66
-51.50 18.70 0.88 -68.76
46.49 82.24 130.12 -15.23
73.73 -63.87 133.67 -96.86
60.41 -47.74 97.43 -67.25
-77.56 -28.72 -11.92 -80.54
-52.43 52.80 0.82 -7.41
51.50 -39.51 129.75 -136.74
92.32 -69.72 135.94 -92.46
16.63 -62.44 79.38 -138.73
-72.19 -82.35 6.63 -138.11
-39.12 -22.46 -10.53 -38.42
28.88 94.99 44.26 46.51
99.72 64.56 167.34 9.04
60.43 -96.50 99.29 -120.69
35.86 61.90 116.16 -37.98
-76.29 31.11 -12.14 -7.92
75.31 -43.18 174.33 -94.46
46.61 -64.73 145.36 -129.02
-63.95 2.46 -61.37 -19.10
49.61 -28.66 55.25 -83.07

0
