20
79.53 66.33 135.06 -30.41
88.97 -8.90 137.18 -95.27
-4.05 -71.26 11.63 -72.49
72.97 -92.73 164.57 -102.28
12.88 25.25 65.52 -73.70
-96.21 15.23 -7.39 -65.73
-67.46 -85.37 -14.04 -164.47
6.34 -73.07 92.81 -129.91
-91.11 -83.78 -34.94 -153.48
59.99 33.99 149.83 -60.16
-61.67 56.81 -50.14 -25.56
-20.30 48.88 62.62 -16.93
70.96 -61.09 135.77 -85.01
29.13 3.87 39.21 -95.20
-40.63 -76.35 -3.35 -145.39
-87.63 55.25 -22.49 13.30
-33.55 -31.34 16.03 -91.11
-89.39 90.02 -69.60 42.84
-61.38 64.78 0.27 42.96
-69.07 -60.73 -44.56 -113.02

20
-82.10 74.72 17.75 9.83
-83.17 -35.16 -51.49 -60.74
-86.25 92.81 -81.78 27.72
33.34 -95.23 57.10 -137.29
-15.07 17.11 43.28 5.94
-15.53 -61.55 61.31 -113.60
91.92 53.24 142.82 20.45
-53.30 -36.34 0.80 -41.25
71.96 -46.01 163.10 -65.45
-90.63 65.45 -87.68 -30.04
61.79 -60.24 69.26 -141.71
-98.71 -99.28 -73.97 -106.22
-52.98 41.55 10.10 40.85
52.86 22.65 149.17 -12.22
-47.21 61.91 23.72 -5.87
93.51 25.37 142.83 -64.68
-93.45 58.66 -78.85 52.97
-82.97 2.25 -28.10 -92.29
1.93 22.05 69.97 -12.18
60.40 -20.15 78.96 -24.96

20
71.70 38.05 131.99 -1.31
-63.31 -85.06 0.95 -103.72
38.19 -91.14 87.76 -163.85
38.47 -76.57 112.25 -125.12
-49.03 -63.74 6.32 -85.58
85.61 47.57 139.19 -25.26
44.79 -35.80 91.45 -95.43
29.34 62.12 49.84 53.42
-45.50 24.24 -45.29 21.65
-55.18 -30.21 -22.15 -115.86
9.30 30.50 32.12 -51.49
-55.06 -56.57 -8.13 -93.60
-4.86 -69.26 74.51 -128.66
-69.56 -65.67 -29.20 -133.87
-78.04 -64.37 1.57 -162.86
55.04 -14.27 91.29 -19.38
-38.47 -79.51 16.39 -118.39
28.86 65.28 76.84 -9.00
32.21 22.34 131.65 17.65
9.45 -38.29 97.29 -54.62

20
98.13 39.11 158.44 19.18
36.87 79.12 44.67 -10.23
-76.35 79.29 -42.85 -17.33
-42.06 5.46 44.16 -69.48
-22.38 6.95 43.68 -0.14
-45.67 -67.19 -10.00 -128.17
17.59 -19.40 85.67 -71.08
-59.83 -37.21 22.85 -74.62
0.65 -6.24 11.94 -91.43
27.16 43.63 89.58 34.81
-34.69 -8.85 -7.16 -80.07
-31.44 -45.82 47.33 -142.46
8.16 56.26 31.74 -35.81
-11.79 -24.80 -8.39 -101.59
39.21 -55.52 136.21 -109.31
76.64 70.06 102.79 -4.24
41.43 70.65 113.32 -20.26
93.72 -65.70 117.27 -81.37
83.06 -49.59 156.26 -142.89
55.50 -32.25 137.80 -53.92

20
-65.00 42.12 -41.62 -6.84
2.98 72.92 102.89 64.29
31.37 -60.65 107.73 -81.69
51.08 -10.18 137.66 -64.70
77.56 -76.73 77.67 -130.80
-1.14 40.22 7.37 -37.69
58.16 0.49 139.81 -35.60
44.89 73.16 90.90 0.96
-73.84 -76.35 -17.95 -102.31
96.96 78.71 184.56 43.35
65.26 -79.40 118.40 -172.15
90.91 -31.47 136.03 -68.06
-91.39 -57.68 -71.91 -61.28
40.83 9.42 95.04 -55.31
70.25 -19.14 158.88 -58.71
31.17 -60.07 50.87 -71.12
-0.49 5.47 73.88 -10.06
31.16 -99.57 107.10 -148.27
-95.77 -81.64 -87.24 -110.49
62.84 -36.60 121.28 -121.55

20
-95.17 41.24 -23.96 -23.44
86.36 63.34 111.35 -15.14
79.60 9.61 126.51 -31.27
-20.65 94.83 1.59 60.82
40.34 -26.40 133.71 -110.66
-17.57 72.24 48.73 63.42
-62.07 82.92 -34.04 -9.10
-41.72 -73.79 53.78 -165.84
-60.93 -32.50 -39.49 -79.08
-30.47 -50.36 26.39 -96.80
38.20 -83.23 74.64 -104.03
18.63 99.88 27.52 65.60
-27.23 -92.84 40.08 -123.98
-86.89 -86.01 -28.85 -170.70
-4.62 -68.95 9.41 -139.97
-79.83 -99.56 18.21 -197.31
-77.23 39.66 -3.66 -44.26
-42.88 -66.75 45.11 -89.08
29.78 -71.51 71.73 -87.82
-72.55 -6.41 15.00 -95.66

20
-14.81 -34.21 84.18 -58.55
57.04 -21.02 123.00 -50.32
-63.04 92.95 27.95 -1.95
-88.77 31.70 -73.83 -24.28
45.77 10.21 81.39 -71.33
-19.68 -74.27 5.92 -121.82
38.76 -98.06 86.94 -147.14
-90.09 95.50 -56.37 75.94
-90.52 52.92 -62.13 -13.72
21.96 89.90 121.05 50.40
-74.74 60.11 -21.50 -28.16
-76.39 -8.61 -16.02 -107.22
20.00 -45.81 112.76 -58.57
-67.17 52.92 31.98 30.61
48.07 11.00 50.79 -8.96
-36.35 74.05 17.98 3.67
54.25 -45.22 105.59 -84.39
8.37 63.12 59.16 12.39
74.91 33.87 80.23 16.25
29.95 -86.32 75.72 -133.04

20
27.18 83.66 62.01 62.28
-64.58 -39.17 -14.73 -75.56
-34.13 -17.24 62.25 -36.87
-60.88 -22.37 -10.49 -87.34
-8.11 55.19 10.30 -18.68
44.74 21.28 94.91 4.81
-18.77 -25.19 26.11 -103.81
-24.16 -54.25 11.57 -73.22
70.31 -12.20 159.27 -89.11
66.88 -40.15 73.38 -49.85
81.23 -15.23 92.36 -20.28
-9.80 -70.95 18.75 -151.53
-0.43 -73.85 63.43 -78.15
-60.83 -5.91 -35.96 -28.32
27.84 -47.11 66.07 -121.54
13.68 -88.67 91.28 -176.01
29.16 -1.05 36.48 -34.59
61.33 -92.79 158.98 -185.47
-51.34 63.08 34.36 -29.05
-83.68 -16.88 -72.34 -113.29

20
54.17 94.23 68.73 49.12
47.45 -92.57 72.53 -178.01
-26.80 98.41 11.54 63.34
77.95 -12.46 132.93 -42.64
-80.39 -15.65 -20.50 -58.18
71.99 -72.23 122.15 -148.60
1.58 31.08 50.20 16.78
95.90 47.69 192.24 -16.47
81.08 82.65 110.21 32.78
-42.55 60.81 16.53 -26.64
-84.04 53.69 11.58 25.95
1.94 94.93 16.97 62.60
56.91 63.68 139.21 -4.47
1.33 73.02 25.29 10.72
-5.33 -90.92 63.68 -188.01
-88.76 -32.20 -74.56 -82.67
-43.11 29.28 -26.04 -68.29
-9.92 -7.00 79.95 -100.76
-60.66 25.57 -49.62 17.38
75.76 -99.11 95.38 -181.84

20
22.84 -47.67 51.68 -104.70
97.66 18.43 130.90 -23.70
-24.85 14.74 49.94 -84.07
-35.14 73.30 0.20 71.33
-33.96 -19.71 54.07 -77.24
16.46 36.01 59.76 29.56
-65.70 -61.27 16.32 -124.42
45.88 -63.71 116.19 -82.88
-63.18 30.56 17.23 19.31
-81.94 99.05 -78.00 61.98
82.96 4.19 171.53 -62.97
-12.89 89.52 62.81 7.17
11.35 -40.33 92.40 -123.19
91.67 57.30 169.11 54.97
-98.28 -10.30 -7.49 -103.99
56.04 -74.55 113.12 -144.89
-69.13 38.36 -11.47 23.66
-42.22 -16.63 -24.67 -63.67
79.85 -36.01 110.88 -97.89
-64.64 -88.53 -13.54 -120.35

0
