30
67.35 -13.47 136.45 -90.33
-11.50 42.28 5.74 16.36
-24.30 -66.39 15.61 -128.46
-41.61 -26.86 15.25 -38.18
76.15 -63.47 172.19 -142.47
34.39 59.24 128.29 -33.34
-5.92 -63.17 56.63 -86.20
72.72 -50.75 83.90 -110.53
-39.95 -10.53 20.22 -52.63
5.50 -67.00 18.51 -85.64
-76.01 -35.58 21.04 -38.15
20.35 -87.70 83.63 -152.02
-60.17 -80.36 -3.67 -177.26
21.84 -20.35 81.91 -73.81
37.82 -61.34 96.50 -148.85
21.76 -47.92 114.40 -127.06
5.69 -26.87 45.20 -79.12
-75.82 57.55 -62.91 19.13
-14.63 34.24 6.41 12.35
-27.32 -21.95 26.92 -93.07
-41.54 -63.97 2.56 -140.41
-90.70 15.90 -43.06 -23.32
41.57 -90.11 137.78 -188.92
58.14 68.90 75.93 57.35
41.55 -18.70 137.22 -85.64
91.20 -24.81 180.84 -40.68
-68.62 28.34 17.53 25.01
-39.67 19.96 60.15 -1.32
-1.37 -73.92 53.69 -163.93
-13.97 -15.99 72.77 -34.18

30
-8.34 -78.40 5.54 -78.99
-17.45 58.05 10.81 -11.77
42.43 -18.29 111.42 -115.35
-31.62 46.76 -25.39 26.97
80.56 -91.40 147.74 -179.60
62.20 -56.80 65.98 -110.40
69.59 -71.75 91.47 -120.92
-3.41 -33.22 79.51 -61.46
94.25 22.23 107.73 -34.87
95.32 -73.12 142.85 -77.07
-93.10 95.74 -83.67 89.22
-45.34 99.55 24.83 64.87
1.34 -47.24 70.19 -77.22
45.33 86.16 94.92 86.07
23.98 -15.89 104.02 -80.29
8.56 -39.73 79.18 -130.04
-44.84 64.74 -15.54 -6.79
-41.25 3.46 16.40 -84.06
-2.44 3.81 12.02 -38.56
24.43 80.53 73.39 57.53
93.86 -5.61 191.68 -95.02
60.44 11.29 130.79 -15.98
62.57 69.18 102.16 10.95
-53.47 -41.39 -0.27 -73.20
88.71 -15.54 153.82 -85.95
-49.04 71.61 -24.26 45.29
-64.86 26.61 32.18 -16.90
82.32 -2.26 179.24 -24.42
-49.33 -36.31 -22.05 -56.93
-21.02 9.28 71.47 -15.37

30
-57.25 -50.51 -45.20 -132.47
92.64 -22.86 171.69 -92.68
55.32 27.77 104.15 23.78
-88.97 69.19 -65.39 29.91
-53.47 -17.96 -19.74 -95.86
-65.62 50.09 -22.32 23.75
-3.59 29.02 0.41 -69.29
71.52 16.50 74.82 -74.09
-8.92 63.97 33.19 -21.89
53.43 -86.21 57.67 -90.20
-71.86 31.55 -17.18 18.88
-24.39 49.69 -13.94 -11.94
66.73 -81.94 109.50 -140.24
-24.39 45.36 67.43 42.33
-93.69 39.27 -45.53 3.40
-72.48 45.71 19.85 -19.60
19.64 -67.35 114.34 -160.28
93.08 -51.31 184.51 -120.51
-11.47 53.41 31.46 44.02
-93.01 -92.93 2.46 -113.31
94.67 21.15 136.98 -65.30
94.02 6.49 175.44 -87.86
-96.37 -33.04 -0.78 -77.66
-83.42 30.05 -66.84 -31.15
46.34 -9.47 93.26 -35.60
-66.81 -17.80 28.17 -115.87
-49.56 52.70 17.72 24.61
12.41 -36.08 75.81 -68.04
2.97 0.74 41.73 -75.21
90.98 66.22 149.40 13.03

30
36.05 52.16 68.69 -31.83
91.03 -19.65 130.58 -60.13
-80.89 -52.64 -45.77 -91.78
-81.23 11.06 1.40 -32.07
13.75 -77.70 113.46 -165.86
-45.00 -77.12 48.25 -149.39
-98.42 49.22 -3.31 45.82
-82.00 -50.12 -72.02 -114.07
-69.14 -52.85 4.54 -105.52
29.99 -44.33 124.01 -134.32
-55.98 -26.85 -48.86 -27.54
50.83 -57.04 94.11 -65.90
46.43 -28.78 69.48 -53.74
-44.10 81.32 -17.20 12.46
55.38 77.93 84.74 39.68
29.96 -53.38 38.88 -151.68
-70.82 -38.08 -39.72 -109.05
-75.24 -52.86 -56.40 -96.20
17.28 9.39 46.67 -72.89
-14.76 -50.74 16.47 -94.10
-4.32 -42.09 36.71 -78.31
87.97 -90.63 124.35 -156.10
55.58 -71.25 148.74 -72.37
-45.25 68.77 -25.49 13.35
99.00 -89.61 126.95 -93.56
5.68 -24.90 25.06 -25.20
-38.84 -93.82 60.59 -193.35
98.05 56.14 194.77 16.19
27.96 -25.56 83.86 -120.16
-39.21 91.13 0.85 82.35

30
45.17 61.64 125.43 61.05
-20.79 99.60 -4.53 62.31
27.15 57.42 30.26 -18.27
10.39 99.52 12.26 6.06
-36.16 85.06 -23.06 28.03
-82.78 73.90 -29.98 -24.51
97.89 81.39 161.58 5.19
97.14 -70.74 114.82 -78.21
98.11 17.81 113.48 -80.71
51.61 29.28 111.75 20.81
90.21 66.68 149.25 42.01
-6.57 43.64 25.04 -8.48
23.09 27.62 60.25 -19.02
20.74 -35.41 49.21 -131.43
46.12 -6.43 63.13 -61.53
-99.21 12.80 -25.03 -0.70
52.60 -41.21 125.39 -95.19
0.50 -20.82 91.66 -111.71
-95.74 49.17 -93.55 -0.74
-22.66 -69.00 42.28 -82.49
93.96 89.94 130.75 40.57
-98.84 -52.03 -40.60 -70.45
-73.96 -83.52 -68.52 -97.41
-84.15 48.25 -81.81 -27.41
98.12 -18.81 173.42 -114.31
-30.14 -85.60 48.50 -128.83
53.58 12.65 79.45 -85.78
-54.88 35.63 -49.84 4.46
40.31 -57.23 48.53 -148.00
96.53 45.63 154.52 45.52

30
59.41 33.58 62.92 13.35
77.35 -45.99 171.63 -61.45
16.43 -92.70 39.56 -164.73
-29.18 44.63 54.96 -30.54
-1.73 11.74 84.06 -31.70
74.07 45.63 105.71 14.82
90.24 -62.51 156.70 -162.29
87.75 -36.43 124.85 -61.33
-79.03 -55.65 -42.83 -75.14
53.37 -81.98 105.15 -157.18
-23.48 51.49 -20.64 19.12
49.69 13.25 135.26 -33.09
60.73 98.91 78.82 95.12
-88.92 -60.05 -34.46 -123.17
95.46 97.87 133.53 76.71
62.33 12.85 159.28 -23.06
-48.15 -46.90 -36.07 -140.18
-21.52 -81.29 23.92 -169.60
-16.67 62.26 9.89 -20.68
-27.61 -25.27 -15.00 -25.35
-8.89 -23.86 41.16 -78.09
-10.68 -21.50 29.88 -25.65
94.57 37.63 103.61 6.21
44.52 -31.30 110.31 -36.83
1.94 -91.44 76.00 -125.52
78.65 9.26 151.28 -12.74
80.57 -59.71 131.56 -134.09
-74.67 60.33 -31.20 -21.61
11.56 47.45 64.89 -29.39
-13.69 -94.46 51.72 -147.20

30
80.20 -96.29 157.93 -104.52
91.89 -32.17 111.77 -47.20
-98.81 94.28 -81.25 8.40
87.53 65.07 151.82 22.90
7.26 -67.97 33.99 -134.36
-67.33 -67.97 -54.41 -160.93
39.54 -27.82 129.26 -31.24
-76.55 66.30 -38.62 -9.05
70.09 45.42 132.99 42.02
58.31 -56.00 99.28 -149.94
59.75 69.84 86.24 69.01
-45.86 94.64 44.73 44.08
8.32 -0.72 35.87 -21.93
90.02 -75.20 171.74 -102.93
-10.14 19.02 89.51 -79.82
-93.15 -63.07 -43.89 -111.13
-17.89 -90.72 -1.11 -160.05
23.30 -98.06 83.42 -167.34
-2.93 -37.29 73.63 -99.17
-58.01 13.54 -42.64 -30.62
98.94 -35.61 108.77 -111.21
-85.53 77.10 -68.17 29.96
55.80 -79.11 138.81 -114.64
-90.29 -32.26 5.05 -78.17
13.08 59.70 106.40 -29.30
87.84 -70.50 125.68 -144.98
99.89 -88.93 156.30 -110.39
19.56 -18.14 68.99 -65.06
82.98 31.37 134.93 -9.99
-88.90 -50.29 -52.82 -86.29

30
68.98 -69.49 91.84 -78.29
95.98 39.69 119.43 10.20
21.64 25.41 42.99 -34.05
36.55 48.09 67.09 -19.96
-90.85 -42.74 -34.75 -48.92
42.24 4.80 94.89 -58.91
25.20 -17.33 49.09 -101.61
55.89 -67.21 112.17 -162.59
38.26 -23.13 39.71 -66.58
-14.49 34.15 37.89 -44.57
14.89 71.69 47.88 -7.17
-33.74 1.41 59.64 -10.65
35.77 92.10 109.08 54.58
25.67 96.63 60.55 90.07
77.40 -48.16 114.25 -79.87
95.01 -58.73 108.23 -78.40
-32.51 22.34 26.44 -18.73
-39.43 16.00 -22.79 -8.04
39.01 -1.62 136.06 -88.60
-18.94 82.46 50.42 22.03
5.34 -50.03 92.48 -68.60
10.41 -92.16 16.23 -135.23
-41.53 71.88 -18.57 13.32
-39.53 -1.52 45.56 -10.00
52.14 -79.31 96.88 -97.95
13.77 -70.06 98.07 -94.76
-26.19 63.65 -18.68 54.40
53.67 98.83 68.41 91.97
-68.20 54.66 -18.85 17.89
18.12 -84.31 41.65 -101.61

30
-11.61 99.47 83.43 97.55
2.33 8.11 82.66 -55.19
-45.11 75.81 -33.79 -12.12
37.37 -89.88 136.25 -134.32
-68.89 -66.43 8.17 -120.76
-46.74 -23.73 -35.83 -66.37
-80.11 -84.01 -36.79 -116.65
-0.91 77.92 90.96 -14.73
-23.90 -85.14 12.54 -139.18
-62.86 14.38 -26.52 -4.44
60.11 1.26 60.76 -24.86
-45.89 -96.91 48.87 -171.34
-42.93 -42.52 42.89 -57.74
-60.32 -99.45 -47.88 -173.62
96.62 77.24 157.11 -7.29
71.18 49.81 127.98 -17.42
61.25 -2.32 132.28 -86.30
12.88 50.55 92.44 -8.61
7.21 80.54 80.49 -6.68
-10.74 -96.08 26.06 -149.43
-61.57 69.09 -26.56 45.31
-75.94 97.56 5.59 47.32
-28.41 13.36 16.06 -46.13
-49.83 64.56 1.57 53.14
9.88 -21.61 73.08 -59.29
90.30 75.70 187.06 6.91
2.98 28.23 32.83 23.54
-15.76 -94.29 17.66 -129.17
12.65 13.40 68.44 4.49
-4.10 -48.22 54.67 -97.35

30
26.23 -20.05 78.85 -100.04
71.55 -23.19 111.39 -100.80
64.07 -34.36 161.98 -100.95
-59.35 99.81 8.38 31.57
12.71 -48.19 88.07 -83.11
51.56 62.34 125.35 9.93
-18.04 -0.60 5.03 -8.72
16.44 -37.08 36.70 -112.51
31.95 -87.00 117.23 -143.75
-96.38 -30.39 -86.29 -62.78
45.37 -50.68 136.27 -85.50
59.85 -2.98 69.15 -87.48
-69.63 -85.64 6.17 -177.55
71.18 -35.50 109.85 -66.49
31.29 78.54 55.87 -4.17
-21.45 40.93 49.56 24.35
-2.82 79.45 29.78 41.84
-47.85 24.55 17.63 -36.24
12.24 -20.57 91.21 -75.31
98.96 -92.67 179.67 -98.97
27.55 97.96 85.17 75.21
-71.68 -71.01 -36.52 -167.56
50.13 -51.03 84.98 -137.43
32.96 39.25 57.68 29.92
43.33 -21.48 132.21 -43.79
-43.73 55.22 21.39 -37.75
-28.66 20.73 11.58 19.56
11.23 -73.55 11.44 -147.68
-18.62 67.92 80.95 -6.37
-7.41 1.31 -2.13 -31.10

0
