1
64.50 -4.36 124.88 -84.84

2
28.95 -32.86 78.16 -122.22
4.04 -49.31 52.42 -120.08

3
-67.57 -77.48 -54.40 -175.66
1.50 49.98 61.27 27.50
79.33 18.46 174.39 9.50

4
7.44 31.37 60.01 -21.89
-10.14 16.04 43.41 -41.40
-55.32 -71.36 7.24 -146.89
-62.64 -93.05 -28.48 -99.34

5
5.23 99.61 98.02 92.72
35.63 35.94 103.12 -40.08
67.81 -24.33 91.71 -71.62
58.28 81.10 87.30 -17.97
52.89 -74.06 76.42 -91.51

6
36.75 39.21 42.98 37.48
36.74 -23.59 134.58 -47.49
-96.77 13.75 -91.55 9.98
30.92 -72.15 90.51 -113.02
45.65 9.54 75.35 -4.67
-99.39 75.76 -16.04 -0.57

7
24.52 -99.40 106.81 -192.18
-57.33 51.38 23.85 31.38
64.23 56.88 135.01 15.24
-26.22 75.00 33.09 19.86
76.83 -9.33 126.61 -98.78
-10.91 -58.90 -0.51 -111.46
-98.31 14.86 -5.94 -16.03

8
-56.47 -60.84 -1.94 -115.92
-47.84 93.10 17.50 4.52
-19.23 55.40 48.04 51.17
-51.50 5.62 25.47 -66.03
88.87 -3.04 111.99 -59.47
86.11 54.89 162.92 39.51
97.19 34.14 135.80 -51.91
39.38 -8.45 52.41 -108.11

9
-54.63 -34.62 -33.28 -109.10
33.15 54.00 128.42 -6.70
53.53 75.63 71.34 35.35
27.85 -16.50 95.53 -46.21
1.41 -19.08 7.65 -93.17
58.61 2.55 129.61 -53.00
-14.93 -69.88 83.90 -73.72
-55.02 24.96 5.16 -68.64
60.84 69.51 62.78 38.93

10
-55.09 4.43 -5.74 -68.26
9.45 -33.33 42.01 -76.84
65.10 -78.19 140.68 -161.77
-42.71 -62.89 -38.27 -106.81
59.83 61.96 68.15 -6.22
76.80 20.53 155.61 -61.43
50.98 -62.97 134.13 -89.52
-44.77 13.11 -24.46 -24.65
-15.60 76.14 -10.59 75.28
-31.97 -21.97 -19.95 -80.84

0
