20
14.93 -6.58 26.26 -105.76
-79.59 68.68 -70.08 -27.09
59.35 -57.50 82.95 -117.53
83.94 86.33 108.31 22.21
-93.29 66.10 -88.76 26.03
-70.76 20.73 -21.87 16.81
85.36 15.40 181.40 -25.44
63.52 27.17 136.17 -17.76
99.49 81.33 132.02 45.73
-16.45 -88.03 42.98 -128.46
-83.25 0.83 -45.07 -30.54
3.59 83.05 81.89 8.46
76.32 -15.45 171.41 -63.17
15.42 58.32 61.55 15.13
34.68 -40.98 95.15 -47.53
-73.06 79.15 -45.46 67.11
-29.82 -35.95 46.19 -134.87
45.70 26.56 70.35 -16.72
-46.79 48.68 -3.03 30.31
74.59 43.91 162.77 -23.68

20
-44.88 69.26 -5.72 40.70
-30.79 32.94 -28.52 -39.37
16.98 -91.37 111.49 -154.19
69.87 -91.41 93.09 -161.04
28.25 7.54 41.74 -30.04
65.95 -26.44 69.92 -33.77
-23.87 -72.17 47.31 -169.97
76.19 4.70 174.82 -80.08
17.42 -48.46 30.41 -51.62
36.03 31.25 56.49 -10.19
98.18 60.59 188.56 54.41
71.06 -71.18 93.61 -163.18
99.97 39.20 162.17 -30.86
6.00 53.18 86.30 -39.41
27.38 94.24 72.98 70.99
9.06 -5.67 90.78 -41.48
-32.33 98.28 -9.46 48.19
4.10 -55.86 77.05 -144.83
51.51 -73.86 148.60 -146.37
96.35 -60.34 160.61 -69.70

20
22.87 -22.41 65.62 -109.00
52.21 -30.43 126.96 -123.87
86.24 57.17 102.06 -22.03
49.50 12.41 132.50 -29.88
41.24 -83.05 113.04 -148.51
72.13 -86.73 126.86 -141.85
-62.59 -41.47 27.28 -96.85
61.09 -0.84 100.42 -95.10
-13.98 37.78 3.03 -41.49
53.85 84.03 116.07 83.04
51.18 19.23 77.54 -56.88
45.03 20.14 136.40 -58.95
-90.89 86.49 -59.77 10.22
-16.61 15.89 6.74 10.54
12.27 30.88 19.51 -59.57
-16.09 -41.37 0.52 -111.61
-75.89 12.63 -19.76 -38.20
77.98 -43.53 176.10 -43.61
-99.41 17.18 -17.43 -19.50
51.37 44.42 134.19 -18.41

20
86.39 13.85 153.74 -43.15
-73.84 87.94 1.41 74.41
66.11 64.87 71.67 9.02
31.90 -39.10 99.12 -131.78
65.49 -70.28 154.03 -122.08
-19.48 75.15 -12.88 24.11
-67.54 63.41 -12.74 40.60
10.86 95.36 98.82 57.66
-55.15 -83.61 18.84 -183.49
-99.38 -14.55 -91.15 -69.38
89.17 -89.84 170.45 -128.45
-42.72 1.95 -5.03 -50.11
-65.87 -15.83 12.27 -112.07
93.91 74.71 173.88 68.43
-17.15 -11.64 66.94 -65.57
72.24 -3.06 105.63 -11.57
29.28 30.04 87.77 -58.55
52.13 -15.83 72.57 -74.26
-32.61 -25.33 -21.98 -42.38
25.33 55.71 47.42 6.39

20
-94.57 47.14 -12.07 41.14
-68.96 -57.54 -29.40 -69.14
-76.63 83.59 -58.11 17.49
51.90 31.05 58.82 -39.99
-22.18 43.23 12.02 17.69
70.92 17.54 166.41 -52.44
-93.18 -94.48 -36.15 -103.72
-66.16 62.27 16.68 -31.40
15.96 50.20 57.13 16.75
5.68 -87.04 13.50 -129.29
-62.48 45.71 -11.44 -16.54
-63.57 94.73 33.04 5.15
-53.90 56.63 13.65 -5.98
-41.84 52.94 -17.72 -20.88
86.92 20.92 182.85 -16.56
23.95 79.22 94.35 6.78
-72.84 -54.57 -28.81 -67.35
69.24 -49.07 111.03 -72.93
75.95 -78.94 172.30 -82.31
-73.26 70.78 -19.71 -1.04

20
35.40 -31.36 65.52 -116.81
58.51 -93.87 70.50 -118.80
42.75 -7.37 50.13 -66.08
82.34 96.44 174.16 53.00
-57.15 -58.67 -27.38 -148.44
64.03 -77.64 141.91 -165.60
-9.39 -48.85 51.56 -139.57
-76.60 -88.44 -47.94 -179.42
24.66 -13.30 30.57 -14.56
58.99 -5.90 82.87 -46.62
76.12 79.43 162.18 68.36
34.90 14.02 112.96 -85.33
-19.28 -85.54 45.13 -165.62
92.80 -46.06 130.82 -58.49
-52.17 18.94 3.55 -70.18
-46.47 -63.85 -13.35 -69.03
-93.63 -35.67 -89.96 -115.81
54.31 -73.87 68.61 -76.42
-4.45 11.15 14.51 -15.20
31.72 83.55 31.92 28.94

20
-2.29 96.93 47.60 90.80
-95.17 80.79 -48.11 -15.84
20.30 -4.13 21.41 -45.34
39.04 40.73 111.76 16.63
-73.60 63.96 -49.27 -35.87
-21.42 33.12 72.85 16.15
85.28 23.69 165.83 -34.84
23.62 -87.32 108.02 -91.67
-30.74 -60.36 -17.94 -122.72
-1.72 82.43 9.89 61.15
-42.09 89.61 32.88 66.95
6.26 -77.71 12.33 -150.60
27.75 45.62 61.17 1.47
-96.57 -64.77 -12.01 -151.59
3.03 -55.36 98.71 -133.68
-70.10 -67.10 5.69 -72.84
-77.48 51.26 -54.38 -7.86
39.08 7.10 49.15 -36.15
37.58 92.73 90.40 4.18
-62.99 15.58 13.55 12.21

20
-1.81 81.30 86.82 76.50
-97.42 47.82 -92.25 5.82
-93.23 29.79 -73.34 -53.89
97.69 30.72 98.76 -0.86
-76.55 -86.92 16.43 -181.94
96.15 84.25 140.25 9.37
-8.05 32.01 82.75 -28.59
-38.95 43.38 29.22 40.90
21.79 -4.83 94.27 -41.60
-17.27 -74.40 33.96 -154.48
-89.62 50.40 -2.20 -26.02
-47.44 42.02 32.62 -4.09
-82.22 69.58 -76.43 61.71
-7.00 -74.57 -5.59 -172.81
-83.04 -81.36 -81.84 -86.94
89.97 80.02 125.19 32.04
-65.65 29.52 14.37 12.32
-19.07 -54.85 -13.97 -121.46
-31.83 -68.75 44.89 -123.53
-59.40 9.69 -23.41 -43.36

20
-74.06 94.76 -49.01 40.78
75.84 -86.64 155.61 -150.77
58.34 99.12 128.88 44.55
-7.57 28.16 48.16 -33.26
82.83 36.56 94.40 -21.24
-71.66 25.66 -36.74 -19.64
88.36 39.42 131.95 -32.57
61.91 -95.32 116.53 -161.44
91.85 34.32 125.35 -31.81
98.00 79.39 120.48 53.58
-22.93 -93.03 47.24 -106.35
10.89 8.97 69.70 0.51
88.51 -4.10 109.17 -24.86
-19.65 87.95 9.82 80.17
-24.56 23.95 47.32 13.02
95.50 -89.89 137.76 -141.34
85.69 23.59 137.95 -16.42
-79.20 -30.89 -64.08 -88.38
-6.33 -84.74 3.26 -98.43
-80.36 -34.58 -4.60 -130.87

20
14.24 -42.08 81.18 -130.29
13.21 -48.15 32.42 -121.55
1.44 -93.80 93.19 -118.53
15.54 -31.09 48.09 -123.80
-39.56 -18.81 50.53 -117.95
-69.21 -3.63 24.39 -11.25
11.40 89.86 93.60 33.90
-75.66 -21.04 -10.61 -39.48
35.50 -87.17 59.68 -122.29
-13.09 -28.29 20.84 -56.74
6.10 -79.00 21.67 -172.39
99.08 94.51 191.16 66.43
-37.53 78.59 35.14 -9.73
73.48 -14.51 87.03 -51.45
18.45 -56.48 72.18 -148.75
2.90 -0.50 64.03 -97.37
-84.65 85.59 8.76 29.71
-25.35 -89.62 21.06 -165.12
25.97 8.65 67.24 -37.85
25.14 -55.01 100.04 -64.79

0
