2
-77.63 -85.19 -71.18 -146.22
94.07 -47.02 191.56 -66.04

4
-91.18 53.69 -53.06 -14.43
-20.04 84.66 48.05 72.88
95.50 -37.62 133.74 -59.63
-32.43 47.96 15.33 1.89

8
4.26 69.15 87.33 -11.84
-6.58 -48.53 -4.64 -71.04
14.54 -98.54 72.18 -120.94
-51.91 -59.15 32.35 -116.22
-58.43 -29.57 -47.62 -35.82
-55.12 77.52 -4.85 62.47
-64.86 -23.46 -33.61 -28.90
-79.61 75.15 -46.70 6.88

16
-84.10 -69.92 -61.63 -167.24
13.74 41.31 39.08 -38.86
-29.35 -73.48 -9.42 -155.36
-9.22 21.75 -6.19 13.16
13.09 -79.30 37.85 -96.07
-19.63 -48.79 -1.15 -53.37
-16.63 -97.01 8.02 -133.43
-27.62 -22.40 -9.48 -99.45
-92.57 -3.41 -57.46 -56.61
90.30 44.95 154.56 -42.63
66.39 -32.95 88.14 -55.30
-3.74 96.06 88.43 58.41
-63.56 63.69 -5.38 -25.41
-88.06 87.05 9.51 75.83
51.40 -3.33 84.08 -29.59
46.48 -6.26 73.87 -46.14

32
-87.08 -5.09 -45.25 -19.10
-89.38 -66.30 -46.17 -130.73
-72.60 86.61 27.01 77.33
66.28 28.22 102.91 -49.51
84.15 -2.29 130.23 -4.17
-88.45 84.45 -86.18 38.19
-94.39 -26.92 -32.29 -83.62
-66.54 -8.79 -50.32 -33.70
98.78 -8.82 181.54 -105.79
74.34 90.42 99.13 -8.44
-84.34 64.87 -28.51 -27.48
52.23 -88.34 74.30 -97.65
91.16 -0.58 100.80 -77.79
51.79 -61.48 135.09 -106.95
-31.71 -86.65 47.19 -126.28
-40.43 -86.58 -15.03 -101.22
43.61 18.52 130.35 -70.99
55.59 -18.85 141.98 -52.67
69.64 3.05 166.19 -32.61
-6.57 -78.08 43.87 -100.08
36.60 63.83 64.84 -11.86
1.48 30.96 98.70 20.58
22.32 -4.96 102.24 -35.21
-79.39 64.39 -58.58 35.05
46.97 -45.06 55.34 -78.70
-43.22 90.21 2.59 14.45
98.44 5.12 198.06 -21.27
71.96 58.20 138.66 46.50
4.54 45.04 8.54 -37.48
-37.37 34.20 12.84 -62.56
19.72 -51.26 39.39 -95.02
-17.58 -68.18 52.08 -78.32

64
67.03 -48.01 149.71 -74.34
-46.18 18.44 39.37 -57.02
-70.16 34.82 -7.44 22.77
-16.21 72.99 30.85 10.74
-76.39 -2.14 -7.46 -36.92
-51.15 28.85 14.41 28.35
94.19 -59.56 136.31 -85.18
47.69 48.48 50.78 36.47
-12.81 -85.76 34.39 -171.72
-67.30 44.82 -41.20 13.49
-87.79 48.38 -6.28 32.20
26.41 90.19 124.77 28.08
-14.44 20.10 70.18 -19.38
-94.81 -65.60 -69.76 -156.14
77.42 -20.31 145.16 -45.53
89.34 -8.11 104.34 -64.52
-88.42 -70.54 -6.65 -105.23
17.48 51.31 115.44 -13.41
-29.64 -96.89 -21.86 -179.49
2.73 11.37 21.75 5.76
-57.36 95.70 27.26 62.94
-30.69 -46.77 3.46 -86.07
19.47 -46.43 104.81 -69.63
-49.87 22.26 -2.52 -71.53
-10.60 -50.31 5.33 -97.27
89.76 -89.03 152.21 -106.75
15.29 -58.29 53.10 -156.44
41.56 10.36 112.57 -18.69
-15.96 38.66 -6.71 8.50
-25.90 -72.09 35.21 -72.36
12.88 -13.62 112.23 -75.79
-91.22 58.70 -79.57 32.95
68.27 22.98 122.02 9.10
-0.55 39.44 30.92 16.33
-92.16 -47.61 -11.42 -91.60
34.38 16.12 47.79 -15.44
91.06 37.69 174.13 19.94
91.76 -88.26 191.46 -171.05
20.86 25.16 102.69 -5.84
-87.53 93.74 9.34 56.68
76.42 -23.99 142.81 -97.77
-32.97 9.58 3.03 -87.00
76.25 4.77 133.24 -20.60
-11.51 83.91 35.71 53.17
-28.69 -98.30 56.25 -132.72
-80.85 52.58 -74.86 -21.64
9.25 -49.03 89.01 -101.65
-24.22 -53.86 -10.62 -141.29
33.81 47.41 35.96 -11.21
77.17 -70.51 170.60 -71.75
87.63 61.56 164.44 31.62
-3.27 -45.33 18.11 -48.32
71.79 -93.98 132.40 -189.04
-95.33 90.03 -36.47 30.67
82.44 -84.05 109.87 -109.37
45.95 51.93 70.57 38.93
-7.85 -28.07 56.26 -34.62
-36.23 83.78 -12.49 49.36
73.32 66.00 122.21 1.43
-76.63 -97.22 -26.30 -155.92
-29.15 -60.53 -1.26 -65.44
16.53 -34.23 110.80 -121.28
-76.76 6.19 -63.06 -61.40
34.62 -6.25 46.41 -93.85

0
