10
-39.26 -67.67 31.14 -115.21
-65.39 -72.65 8.07 -136.88
-52.85 22.04 9.43 9.66
43.64 -90.25 142.27 -118.62
41.49 -83.93 62.36 -93.34
-19.68 58.55 -7.70 35.32
53.76 -95.51 140.15 -154.65
62.56 -40.32 76.78 -42.15
55.24 81.09 107.94 44.09
75.45 62.49 156.60 -4.33

10
-74.49 21.50 7.15 12.75
8.63 52.23 95.60 25.88
19.89 -17.23 58.34 -49.94
-74.39 80.26 14.60 7.14
-25.47 17.45 0.68 -5.58
11.78 -0.53 31.64 -91.87
70.43 -57.22 132.49 -97.11
67.33 2.25 86.43 -79.14
62.97 -91.37 133.82 -187.71
-87.70 65.17 -50.59 -15.38

10
-49.85 -32.65 15.01 -81.92
-46.67 -33.24 14.83 -82.65
0.79 -35.09 45.39 -107.61
-74.99 -35.65 -26.66 -124.38
92.54 44.10 173.17 -49.51
-36.34 90.38 52.42 42.00
20.61 79.70 51.23 66.95
96.98 60.73 102.67 -31.17
-70.96 49.36 -65.43 36.98
-59.28 -25.17 -5.25 -108.61

10
-10.35 85.22 12.22 76.51
81.57 -68.48 175.03 -139.79
-92.23 -51.81 -18.62 -144.90
95.49 -15.33 108.66 -67.97
-30.96 -79.86 62.43 -139.77
1.41 -80.81 15.73 -97.64
-41.54 18.90 -8.06 -1.88
-17.16 -59.53 80.59 -141.74
-19.42 6.62 15.69 -52.97
22.90 -60.34 85.07 -120.17

10
-11.37 84.33 35.68 -8.18
93.49 -78.09 184.58 -79.09
91.22 43.73 144.03 -14.42
-85.00 66.52 10.52 55.29
46.27 -18.27 102.14 -96.62
60.25 -74.54 144.26 -116.66
-24.79 74.35 -3.74 -23.97
-85.08 60.70 -33.87 55.83
34.14 -46.63 119.93 -82.11
-73.70 -28.99 -61.18 -113.45

10
-35.66 -67.43 0.07 -108.71
73.34 65.28 136.07 -6.46
-89.12 90.00 -3.36 82.72
-26.96 -97.84 -22.70 -170.10
46.15 28.53 66.10 0.88
-98.16 -65.20 -25.46 -160.66
-36.04 8.89 -14.65 -54.77
55.28 -25.49 140.83 -100.76
-79.48 77.89 -12.78 35.10
-4.76 -81.24 49.17 -105.51

10
-10.13 -1.09 58.75 -65.85
41.33 -23.36 67.64 -101.03
74.62 32.81 101.41 -47.48
-48.63 68.68 29.86 28.62
66.41 -85.77 146.67 -139.84
5.72 78.27 30.16 69.63
86.44 -78.41 161.65 -101.38
-38.87 -11.58 60.38 -21.36
52.48 -50.94 67.89 -64.18
72.14 50.04 129.02 -2.13

10
17.07 -46.13 31.14 -131.50
91.29 -2.84 124.68 -72.47
0.40 75.22 62.13 40.51
54.37 -50.45 103.52 -149.85
1.87 98.60 97.20 11.53
-67.16 24.62 -4.86 7.25
-84.04 -25.38 2.96 -119.49
92.66 18.22 133.13 -12.87
0.67 -8.40 72.26 -59.19
-62.54 8.06 24.71 -5.13

10
-48.70 -51.22 47.64 -80.12
-66.53 -16.71 -20.38 -59.96
-82.85 79.97 -74.80 35.46
14.82 10.60 20.24 -3.97
-34.11 -62.73 54.63 -117.73
-50.04 9.76 -5.44 -43.98
-52.33 -39.86 -38.49 -51.59
13.28 -69.68 109.00 -165.10
40.64 27.23 74.72 -50.75
51.12 -3.34 91.62 -56.19

10
69.48 -83.19 145.62 -142.23
-43.22 -80.22 -14.56 -105.18
-19.62 85.93 -3.42 5.41
77.04 -37.87 158.44 -123.46
28.73 -80.34 33.61 -175.39
-39.54 85.41 0.49 78.69
89.82 -1.60 102.60 -94.22
-71.93 -88.01 -42.52 -166.72
38.22 -15.07 59.87 -55.04
-2.30 86.32 30.33 83.30

0
