10
28.72 -53.28 84.46 -120.95
-26.61 99.64 42.27 53.46
-84.25 -62.42 -20.51 -144.48
-5.46 -35.44 51.24 -79.51
-36.63 98.73 14.32 79.55
15.49 5.47 82.20 -7.20
-51.00 15.31 15.37 -77.04
49.38 -53.08 61.42 -54.99
93.16 -84.03 137.10 -180.58
-70.56 65.89 24.09 43.80

10
86.13 36.97 86.60 -18.58
1.00 25.18 50.73 -73.70
-14.93 57.62 14.83 46.78
95.50 -85.36 122.03 -112.11
-1.14 0.35 69.27 -46.30
33.26 47.43 84.87 22.46
-18.26 -64.15 72.81 -80.98
-79.04 -91.00 -72.42 -177.63
-57.45 36.88 9.57 -26.56
-88.50 62.67 -35.29 -35.81

10
42.69 -15.86 61.77 -110.27
75.34 -21.63 130.95 -23.31
3.96 43.26 51.71 24.86
-3.35 70.40 79.51 12.67
-23.73 -95.96 -0.12 -114.18
51.65 -95.33 73.26 -177.09
-73.91 1.47 14.14 -80.13
53.03 -32.00 146.89 -38.25
97.35 -77.42 175.37 -174.79
51.29 -20.86 104.55 -63.03

10
70.14 44.01 82.68 -24.82
-27.69 65.59 1.34 53.76
-3.92 -57.80 65.84 -149.52
40.36 30.12 137.16 -7.49
-75.18 -28.45 -36.44 -122.40
-13.47 -12.25 68.60 -97.06
-47.19 -84.68 4.81 -121.07
74.94 66.13 119.08 -6.27
23.10 -20.04 115.06 -49.81
-7.42 31.75 37.85 -54.34

10
-15.73 25.60 1.66 -5.68
43.05 29.07 126.87 -20.94
-23.31 3.75 50.92 -42.77
61.04 -98.29 119.01 -138.31
-43.73 -92.17 -4.38 -169.17
20.90 1.81 52.75 -47.82
-11.79 -67.04 83.89 -89.02
51.81 -11.65 147.06 -64.56
47.97 -11.44 99.82 -75.48
91.16 64.87 135.47 22.13

10
51.38 10.55 52.92 -32.07
-90.66 13.74 -29.37 -48.46
-96.99 79.52 -33.94 32.71
-79.19 46.71 -40.34 -40.90
99.30 -32.75 152.16 -72.33
60.12 -89.37 136.91 -156.29
52.45 5.69 76.45 -53.30
46.34 61.99 123.08 -2.54
10.98 -98.95 55.23 -127.93
-15.08 55.94 60.00 41.22

10
44.96 -99.67 142.44 -151.85
63.82 -17.41 146.55 -57.15
36.33 -41.87 103.15 -92.27
88.65 27.85 134.82 -18.03
-30.88 48.79 67.41 -15.36
-28.34 35.73 -23.85 -35.16
49.65 -77.48 99.19 -100.33
40.35 -93.92 133.66 -113.66
-96.79 13.13 -96.55 -35.37
-36.50 -26.23 2.18 -118.22

10
91.97 71.36 129.14 8.98
6.07 -15.10 97.51 -88.96
77.52 19.72 108.35 -2.64
19.18 -89.72 94.60 -130.37
-87.85 -97.23 0.13 -127.48
47.15 18.32 109.28 -72.99
-15.62 41.81 83.51 27.99
91.09 -33.19 129.55 -48.78
67.12 -6.52 166.68 -12.60
6.70 -32.85 11.02 -109.51

10
-78.90 58.89 -51.21 43.42
-66.08 -75.01 -43.47 -152.27
-8.71 93.21 87.05 88.17
56.92 67.23 102.15 1.55
-99.10 25.30 -14.96 -50.87
75.18 -71.55 130.82 -101.03
95.28 12.74 128.35 -70.27
-70.18 88.60 -68.97 69.03
-82.98 -70.39 -49.82 -157.51
74.28 -71.00 110.81 -115.91

10
4.25 -87.18 13.90 -186.39
-95.95 -94.98 -33.25 -173.83
-4.77 -22.74 49.78 -67.08
67.84 21.85 94.89 -0.66
95.82 50.93 180.93 20.78
70.57 -56.70 113.36 -134.01
-80.23 -21.81 17.87 -115.80
48.81 64.06 147.30 -25.32
-52.13 92.80 -7.72 38.70
49.68 -67.84 103.67 -109.36

0
