30
-38.79 53.60 50.74 25.78
37.33 -68.44 126.21 -77.37
2.75 70.80 53.04 17.73
-99.82 -70.81 -43.24 -81.75
-17.21 -50.51 63.73 -85.92
51.01 -48.19 123.87 -116.82
46.86 84.13 138.03 5.40
-42.07 26.57 17.36 -32.19
-90.38 -95.27 -20.92 -123.48
-22.63 23.58 62.97 -22.55
40.93 12.93 89.27 -28.12
-44.52 11.20 10.34 -25.89
22.39 89.22 37.91 40.51
11.58 -80.92 89.42 -162.19
91.50 -35.06 140.50 -40.51
-49.81 56.36 28.00 30.20
94.69 -0.73 114.18 -89.32
-31.97 82.49 28.61 68.02
-44.04 -95.06 -9.92 -135.64
-76.90 34.66 4.79 32.21
-65.82 25.96 26.79 5.86
15.54 -21.49 76.62 -90.58
-9.71 -13.52 78.88 -73.83
93.03 -32.37 120.62 -112.81
-85.52 1.88 -68.39 -13.86
-61.41 72.82 -37.52 1.43
73.89 -28.25 116.61 -44.75
24.35 73.15 90.77 65.36
-67.02 -41.48 -25.88 -79.39
-77.74 -11.10 -43.85 -107.15

30
71.55 -3.05 124.81 -40.29
51.02 -19.75 104.44 -34.14
79.51 -23.79 158.69 -29.02
-91.50 35.70 -28.04 -14.39
42.75 -10.12 140.02 -39.28
-10.49 -69.13 49.08 -109.78
-48.72 58.74 -34.86 -8.38
21.44 -49.18 91.87 -82.30
58.43 96.97 95.32 8.66
-36.63 38.07 32.66 -57.41
-0.91 14.54 18.67 -28.61
9.31 -46.32 108.49 -83.21
-64.56 -73.27 -26.20 -161.86
11.97 -79.78 90.88 -99.05
-60.01 -23.39 -6.10 -32.52
-99.25 53.10 -37.92 -18.73
48.75 66.63 102.11 24.66
6.23 80.70 41.54 28.43
-78.43 43.17 8.83 6.97
-76.97 4.00 21.51 -29.62
31.61 -19.49 127.60 -69.04
43.83 52.68 123.14 18.80
-26.91 -28.98 39.70 -43.85
-20.08 -42.35 33.49 -90.06
23.82 43.42 97.35 -44.16
-53.40 -21.52 29.74 -104.57
-71.58 -96.31 -37.44 -116.75
36.90 99.98 39.95 45.45
-21.70 -78.93 32.46 -176.67
-67.10 -57.02 29.37 -92.29

30
56.23 -33.59 102.38 -35.15
11.20 22.58 37.91 -0.86
-13.96 -49.15 65.95 -124.81
-12.59 30.79 27.90 -5.91
82.27 9.91 145.53 -88.60
14.58 20.80 31.65 12.64
29.64 31.42 87.65 -45.45
-98.88 -73.51 -84.41 -94.00
-60.79 35.12 -53.33 12.21
46.24 -36.42 101.72 -118.18
25.57 -22.04 114.38 -106.43
4.21 -72.36 8.45 -88.32
28.87 80.69 35.66 25.35
83.72 29.51 90.36 15.64
65.36 -49.91 78.89 -56.82
64.32 90.00 71.45 24.02
32.35 5.55 105.52 -37.26
-30.65 53.59 -21.98 -24.60
15.76 9.50 105.83 7.49
73.11 74.53 85.68 21.72
-47.12 48.40 37.27 46.05
-60.08 79.34 0.53 76.20
88.20 -85.73 118.11 -128.94
93.46 -84.32 96.69 -142.22
-73.20 96.14 -7.59 33.48
97.23 -39.30 131.54 -42.73
37.54 -93.02 92.05 -168.29
-9.74 -19.44 55.97 -25.59
-12.34 43.37 79.07 43.09
-32.84 -91.72 29.87 -147.40

30
-99.67 -96.34 -45.33 -123.07
-82.75 38.38 -57.22 -31.30
18.73 75.01 72.57 22.95
-54.98 -75.54 26.31 -81.18
32.79 -59.57 91.48 -133.43
82.63 9.89 128.36 -21.98
-21.07 -46.10 46.22 -56.51
74.59 -78.04 99.59 -98.33
58.55 -14.81 108.08 -90.04
-33.84 16.18 19.78 -20.70
-62.53 45.57 -56.65 12.43
58.85 -29.70 66.00 -52.06
-13.53 71.00 64.00 50.10
10.24 -3.57 95.26 -78.57
-97.72 62.20 -3.69 37.83
49.71 -35.22 82.39 -105.67
8.46 -41.49 72.16 -107.03
57.86 14.23 118.47 -65.13
77.45 -42.29 173.39 -110.60
14.69 62.39 37.05 -9.96
-62.23 -15.71 32.12 -55.14
59.82 21.81 93.45 -12.45
34.69 56.08 109.39 33.65
-72.00 79.35 -21.80 34.61
97.55 2.17 140.79 -54.58
24.08 -98.09 97.71 -118.70
-65.81 -55.07 -49.09 -56.71
83.73 94.66 104.53 37.66
-79.85 -25.48 -1.37 -90.39
29.81 56.67 105.29 7.86

30
-20.15 -83.62 21.94 -93.96
78.93 -45.78 117.64 -67.74
-32.86 20.70 5.00 16.17
-21.21 63.20 -12.98 8.74
-55.89 -12.82 -9.10 -16.45
64.03 20.18 110.71 -1.52
-69.78 -20.58 10.77 -94.31
6.85 -34.80 50.17 -92.11
47.51 -19.78 94.80 -104.43
-91.59 -40.17 -56.77 -121.22
23.29 -7.61 71.69 -23.95
-72.07 20.37 -45.61 11.45
-71.77 -0.57 -48.63 -70.10
-21.30 18.78 26.34 -8.06
25.62 65.94 120.88 -11.81
-66.40 -27.06 16.23 -106.25
86.59 80.01 165.19 3.45
77.56 72.82 118.29 -22.96
86.57 17.92 153.70 -79.89
20.40 -29.03 89.32 -86.48
39.84 46.17 108.50 24.86
-59.59 2.99 4.78 -75.68
51.72 66.74 93.50 31.88
68.01 97.93 82.22 29.69
72.31 58.28 132.60 33.98
-61.98 -11.43 13.65 -25.63
-79.23 -30.33 -18.54 -70.28
-59.45 -61.93 -48.85 -89.30
-83.96 -18.46 -59.18 -81.36
82.34 -37.80 88.70 -107.60

30
97.30 67.42 109.01 41.90
33.99 45.10 79.70 -43.36
-52.82 -41.79 28.69 -65.78
83.52 -77.97 122.02 -150.79
-59.52 41.94 -13.90 -55.61
-57.94 33.78 32.55 -21.78
-66.84 15.33 -27.60 -23.85
55.49 45.14 119.66 -34.48
-20.93 44.62 13.72 -0.77
-36.50 63.89 45.43 1.80
15.91 -9.94 21.24 -19.00
-82.02 -3.13 -49.88 -98.77
-2.41 -98.18 4.01 -106.65
23.19 -63.91 88.29 -105.39
66.18 -95.31 124.99 -143.62
-7.51 80.67 0.31 -3.70
55.15 -45.23 66.40 -109.09
29.96 69.27 113.96 29.21
-5.78 -26.75 2.03 -34.90
-60.05 -77.17 38.58 -105.04
-53.26 -59.05 -47.05 -63.08
-56.52 78.92 -20.78 31.53
51.92 71.76 129.12 14.01
37.70 36.79 59.44 9.74
67.44 -26.22 131.44 -124.94
73.21 -74.06 100.53 -118.63
11.54 -45.68 108.65 -77.20
43.45 61.44 59.55 7.04
89.57 -72.00 129.54 -132.34
-18.19 55.56 81.50 -40.31

30
-43.74 -53.13 44.23 -126.69
-56.18 -82.02 -30.36 -179.05
-87.13 -12.65 -31.70 -69.40
15.77 -4.16 24.13 -38.17
67.63 -99.34 130.46 -135.40
-64.73 -20.05 -58.03 -73.19
-1.97 -38.05 78.39 -78.80
-64.07 -64.75 11.07 -79.34
45.18 37.72 137.80 24.25
34.84 0.78 67.80 -68.69
43.58 32.18 67.59 -58.21
-29.48 48.95 20.85 8.89
43.16 -30.05 48.34 -48.74
-31.39 -6.39 -25.28 -39.40
16.43 26.15 82.55 -53.02
63.35 -6.82 113.33 -85.21
59.79 24.24 73.37 -9.07
35.38 -92.31 128.26 -146.78
-3.98 -12.10 83.59 -32.47
-60.16 37.41 -2.59 10.19
-35.94 55.44 58.56 -32.89
93.20 -3.85 137.41 -10.62
-57.48 43.16 25.54 -11.39
63.61 -46.32 68.08 -144.85
-4.84 -20.77 57.67 -77.74
66.56 19.33 138.79 13.27
-51.07 19.85 13.24 -54.59
6.09 32.80 75.01 8.38
19.93 -92.97 30.58 -159.39
21.74 78.61 108.89 30.03

30
-12.55 -69.64 74.87 -75.94
2.05 46.73 59.68 37.41
83.17 14.82 96.62 -45.10
-91.91 -75.12 -70.81 -115.97
10.23 72.51 71.62 -19.47
-86.47 26.88 -26.70 -52.14
36.27 -71.92 48.85 -137.87
-87.18 36.45 3.55 -49.92
-85.44 -43.64 -63.03 -84.33
74.88 -22.27 162.43 -24.20
79.14 54.70 110.41 -1.53
26.95 10.82 102.72 -5.73
-67.18 -86.15 13.93 -130.92
-58.36 95.40 -15.33 12.42
-99.38 -51.96 -11.43 -150.90
70.20 64.86 85.33 -14.03
57.17 98.21 133.69 19.80
-84.27 -89.43 -8.76 -144.93
-47.46 32.09 -42.51 -6.99
72.32 87.93 120.22 67.76
-40.70 30.40 53.93 6.69
-30.14 25.41 -11.22 3.95
42.63 70.80 75.47 8.35
-41.44 -57.55 9.47 -85.16
-84.74 99.32 -49.77 6.36
-56.43 -36.02 -32.56 -51.56
81.38 13.57 117.58 -11.28
-62.95 -43.44 -13.03 -59.44
95.60 73.09 128.90 31.58
33.72 -94.34 57.23 -187.75

30
68.01 98.94 79.55 45.70
35.54 3.17 41.96 -70.18
31.00 -71.77 104.58 -161.94
52.05 -78.86 149.94 -148.38
50.73 -51.39 83.68 -101.99
85.41 10.24 92.28 6.79
-86.55 -46.11 -38.96 -47.58
72.38 -19.56 98.58 -74.35
46.44 33.62 92.81 -27.12
-99.68 -3.48 -93.20 -31.16
43.25 -61.87 88.43 -140.60
-59.74 52.61 -18.47 -17.20
-45.00 -55.06 13.01 -130.30
47.39 -22.49 51.84 -57.00
-18.14 93.24 65.41 10.96
-32.44 66.55 -6.48 32.90
-46.70 -49.66 40.98 -138.32
58.48 -63.97 110.92 -153.04
20.92 27.19 29.55 -54.54
-15.16 -47.51 0.47 -101.35
-95.82 -30.33 -13.01 -64.39
-20.77 -97.96 2.75 -139.06
27.41 -81.76 54.26 -170.51
-26.08 33.70 70.35 -34.15
-34.59 -49.51 -20.80 -104.64
3.42 36.07 96.84 -57.78
-24.73 99.63 25.70 60.49
-46.42 87.92 -32.75 76.38
33.96 76.21 130.19 -20.67
-9.46 61.07 1.38 38.98

30
-76.47 -88.39 -12.02 -107.03
40.80 48.07 70.57 33.28
-89.45 88.61 -78.30 67.34
-86.01 36.87 -26.85 -15.01
51.12 -72.42 100.01 -123.84
60.36 -38.22 156.68 -88.22
-80.19 56.93 -61.77 -22.69
-62.32 -77.90 -26.16 -118.07
8.61 -88.48 22.41 -183.96
-74.61 79.22 -45.11 -4.28
-28.96 -24.53 55.51 -122.85
68.71 17.87 72.60 0.83
96.90 -86.23 127.78 -100.32
61.51 -11.21 65.15 -16.72
94.90 21.69 164.70 -37.81
-16.35 37.85 69.27 -40.57
33.08 -37.95 102.71 -55.34
-2.71 -29.73 -0.72 -68.75
-58.93 -43.01 -11.94 -126.36
76.28 -0.69 88.01 -43.08
-86.31 54.92 -15.12 -38.38
93.60 -15.23 183.10 -67.97
-28.01 2.04 17.08 -41.62
24.29 -20.47 65.87 -27.13
35.36 14.55 53.66 -57.36
34.54 -28.68 131.38 -57.64
-61.95 -31.18 -21.15 -104.52
22.57 32.20 35.91 -38.08
83.15 5.98 167.50 -86.45
-47.37 -30.74 -17.18 -91.97

0
