1 10
10 10

1 20
10 10

1 1
10 10

20 100
110 90
120 90 
130 80 
140 70 
150 60 
160 50 
170 40 
180 30 
190 20
200 10
10 90
20 90 
30 80 
40 70 
50 60 
60 50 
70 40 
80 30 
90 20
90 10

20 120
110 90
120 90 
130 80 
140 70 
150 60 
160 50 
170 40 
180 30 
190 20
200 10
10 90
20 90 
30 80 
40 70 
50 60 
60 50 
70 40 
80 30 
90 20
90 10

20 120
110 90
120 90 
130 80 
140 70 
150 60 
160 50 
170 40 
180 30 
190 20
200 10
210 90
220 90 
230 80 
240 70 
250 60 
260 50 
270 40 
280 30 
290 20
290 10

20 1000
1410 90
1520 90 
1630 80 
1740 70 
1350 60 
1460 50 
1670 40 
1780 30 
1890 20
2300 10
2510 90
2720 90 
2430 80 
2340 70 
2850 60 
2060 50 
2870 40 
2580 30 
2190 20
2290 10

20 1000
1410 920
1520 903 
1630 840 
1740 570 
1350 660 
1460 750 
1670 480 
1780 306 
1890 420
2300 150
2510 950
2720 906 
2430 840 
2340 370 
2850 640 
2060 550 
2870 640 
2580 030 
2190 620
2290 150

0 0