10 100
0.400 100
0.510 100
0.620 100
0.370 100
0.840 100
0.580 100
0.609 100
0.670 100
0.870 100
0.908 100

10 100.1
0.400 100
0.150 100
0.260 100
0.030 100
0.740 100
0.850 100
0.960 100
0.700 100
0.850 100
0.490 100

10 50000
0.300 21050
0.140 34100
0.250 42100
0.530 14520
0.640 43100
0.570 10350
0.680 31400
0.470 15400
0.830 34100
0.490 51500

10 52000
450.300 21050
350.140 34100
230.250 42100
760.530 14520
450.640 43100
305.570 10350
340.680 31400
680.470 15400
230.830 34100
870.490 51500

10 520
450.300 210.50
350.140 341.00
230.250 421.00
760.530 145.20
450.640 431.00
305.570 103.50
340.680 314.00
680.470 154.00
230.830 341.00
870.490 515.00

10 620
450.300 210.50
350.140 341.00
230.250 421.00
760.530 145.20
450.640 431.00
305.570 103.50
340.680 314.00
680.470 154.00
230.830 341.00
870.490 515.00

0 0
