10 100
100 100
90 90 
80 80
70 70 
60 60
50 50 
40 40 
30 30 
20 20 
10 10

10 100
10 100
9 90 
8 80
7 70 
6 60
5 50 
4 40 
3 30 
2 20 
1 10

10 100
100 100
900 090 
800 080
700 070 
600 060
500 050 
400 040 
300 030 
200 020 
100 010

10 150
100 100
900 090 
800 080
700 070 
600 060
500 050 
400 040 
300 030 
200 020 
100 010

10 250
100 100
900 090 
800 080
700 070 
600 060
500 050 
400 040 
300 030 
200 020 
100 010

10 450
100 100
900 090 
800 080
700 070 
600 060
500 050 
400 040 
300 030 
200 020 
100 010

0 0
